0 0 0 0 0 0 0 0 0 0 0 0 0 0 0 0
0 0 0 0 0 0 0 0 0 0 10 0 0 0 0 0
45 0 16 0 0 0 0 0 0 0 0 40 0 0 0 0
0 0 0 0 0 0 0 0 0 0 0 0 0 0 0 0
93 0 45 0 0 0 0 0 0 0 0 64 0 0 0 0
0 0 0 0 0 0 0 0 0 0 0 0 0 0 0 0
0 0 0 0 0 0 0 0 0 0 0 0 0 0 0 0
0 0 0 0 0 0 0 0 0 0 0 0 0 0 0 0
0 0 0 3 0 0 0 0 0 0 0 0 0 9 0 0
0 0 0 0 25 20 0 0 0 0 0 10 10 0 0 45
0 0 0 0 5 4 0 0 0 0 0 2 0 0 0 9
36 0 0 0 0 0 0 0 0 0 4 32 0 0 0 0
0 0 81 0 0 0 0 0 0 0 0 0 0 0 0 0
0 0 0 0 0 0 0 0 0 0 0 0 0 0 0 0
0 0 81 0 0 0 0 0 0 0 0 0 0 0 0 0
54 0 9 0 0 0 0 0 0 0 0 48 0 0 0 0
