276 178 289 275 308 232 217 249 271 253 157 264 210 186 322 145
337 258 363 309 371 319 310 314 353 323 200 366 271 212 397 243
298 247 317 289 307 253 284 189 324 328 224 293 243 163 321 195
409 345 460 393 428 277 314 301 419 324 280 445 328 293 530 288
345 294 299 263 279 236 285 176 334 335 258 308 302 189 310 206
320 259 354 345 429 297 288 288 356 332 194 318 280 200 431 222
465 329 441 426 463 335 375 365 475 416 288 476 313 279 514 298
409 327 406 330 388 309 328 310 424 416 247 469 326 244 525 340
330 285 374 352 358 267 326 314 353 365 234 428 298 271 426 318
324 292 405 292 415 214 279 249 344 306 182 377 241 143 421 241
422 347 506 317 402 276 348 289 424 357 294 472 289 215 473 264
557 393 528 368 491 391 385 384 528 511 326 502 443 296 628 293
292 200 403 312 397 354 304 322 333 325 207 378 263 187 427 259
376 255 395 248 336 265 288 286 329 363 252 381 328 187 402 259
405 350 500 406 496 381 448 322 494 472 335 497 308 223 450 287
365 242 325 292 362 284 248 299 301 345 231 320 315 196 389 219
