0 0 0 0 0 0 0 0 0 0 0 0 0 0 0 0
0 56 0 0 63 0 0 0 21 0 0 4 0 0 0 0
24 32 0 0 36 0 0 0 12 0 16 0 0 0 0 0
0 40 0 0 45 0 0 0 15 0 0 0 0 0 0 0
0 0 0 0 0 0 0 0 0 0 0 0 0 0 0 0
0 0 0 0 40 0 0 0 0 25 0 0 0 15 0 0
0 0 0 0 0 0 0 0 0 0 0 0 0 0 0 0
0 0 0 0 0 0 0 0 0 0 0 0 0 0 0 0
0 0 0 0 0 0 0 0 0 0 0 0 0 0 0 0
0 0 0 0 0 0 12 0 0 0 24 0 0 0 0 0
35 0 10 0 0 0 0 0 6 0 0 0 0 0 0 0
0 0 0 0 0 0 0 0 0 0 0 0 0 0 0 0
0 0 0 0 0 0 0 0 0 0 0 0 0 0 0 0
9 0 0 0 0 0 0 0 6 0 6 0 0 0 0 0
0 0 0 0 0 0 0 0 0 0 0 2 0 0 0 0
18 8 0 0 9 0 4 0 3 0 20 0 0 0 0 0
