238 421 340 352 518 243 366 286 341 366 430 385 404 433 438 391
207 304 271 243 412 200 261 149 289 263 305 377 308 309 340 342
304 370 272 315 494 270 271 278 286 348 411 348 349 371 462 417
257 345 296 297 418 193 329 194 280 297 402 277 347 387 394 369
339 417 317 370 536 242 297 328 265 433 423 359 417 417 461 456
287 358 283 312 413 219 264 292 236 371 401 267 334 398 377 344
138 192 148 173 249 117 222 204 151 227 201 201 221 212 209 216
245 306 281 330 396 190 258 244 230 351 294 327 308 290 359 317
226 368 248 275 477 218 345 217 346 344 353 365 388 333 355 367
193 226 167 204 283 164 177 172 197 206 231 150 222 183 219 255
231 354 261 263 382 192 291 264 257 296 311 353 358 325 381 351
311 318 349 352 547 208 353 308 291 295 387 335 424 408 415 458
260 335 279 275 435 229 279 227 328 226 349 260 340 313 313 401
300 342 297 335 461 228 285 285 286 355 330 334 347 314 355 417
225 302 227 272 365 205 184 251 181 318 321 187 226 294 272 304
222 247 187 250 374 153 222 215 208 274 241 230 260 267 255 326
