0 0 0 0 0 0 0 0 0 0 0 0 0 0 0 0
0 0 16 16 0 0 0 56 0 28 0 6 0 0 16 0
0 0 0 0 0 0 0 0 0 0 0 0 0 0 0 24
5 0 0 0 0 0 0 0 0 0 0 0 0 0 0 0
0 0 0 0 0 0 0 0 0 0 0 42 0 0 0 12
0 0 0 0 4 0 0 0 0 0 0 0 0 0 0 0
0 0 0 0 0 0 0 0 0 56 0 0 0 0 0 42
0 0 0 0 0 0 0 0 0 0 0 0 0 0 0 0
9 0 0 0 0 0 0 0 8 16 0 9 20 0 8 0
0 0 10 0 0 0 0 0 0 24 0 0 2 0 0 0
0 0 0 0 0 0 0 0 0 0 0 0 0 0 0 0
15 0 0 0 0 0 0 0 0 48 0 0 0 0 0 0
0 0 0 0 0 0 0 0 0 0 0 0 0 0 0 0
0 0 0 0 0 0 0 0 0 0 0 21 0 0 0 0
0 0 40 0 0 0 0 0 0 24 0 0 8 0 0 54
57 0 0 0 20 0 0 0 0 0 0 0 0 0 8 0
