441 351 353 343 453 428 326 440 261 375 299 318 443 406 316 366
529 471 499 448 464 484 446 561 359 554 369 425 531 477 379 465
439 465 409 325 390 440 347 492 319 371 282 337 449 386 340 356
460 400 395 362 393 373 422 487 250 353 302 294 393 300 337 380
405 309 355 305 304 336 294 403 224 396 222 270 306 295 238 364
397 350 313 344 366 305 405 420 325 316 278 325 368 320 266 308
478 476 423 383 416 416 322 417 280 418 425 331 462 340 365 402
316 319 248 225 324 310 266 337 203 220 237 211 259 260 218 278
468 403 410 430 392 428 448 492 265 472 345 278 472 369 409 400
470 378 442 357 487 423 362 461 255 405 316 371 486 366 335 365
368 298 281 313 319 338 298 344 195 307 263 167 310 260 272 320
598 483 550 433 536 496 413 527 305 524 407 418 577 439 417 486
429 418 354 383 392 439 440 429 286 341 348 265 389 361 373 415
317 291 345 255 273 345 290 359 156 308 258 211 325 298 288 260
513 394 468 372 436 411 395 461 262 434 365 293 463 371 390 436
468 515 397 396 442 409 439 501 364 372 400 367 419 370 336 381
