7 11 10 9 12 14 16 8 12 13 14 11 13 11 10 15 14 15 10 15 11 15 10 15 14 13 12 14 16 11 12 12 12 16 10 9 14 10 11 15 12 13 13 16 15 7 13 15 11 9 10 6 12 10 13 9 9 11 13 14 13 13 12 14
15 14 17 13 16 16 19 12 17 20 19 21 21 16 18 19 15 16 14 22 19 20 16 18 26 17 18 24 20 12 16 19 18 20 14 15 21 18 16 20 19 22 15 18 17 18 13 23 14 16 19 15 14 20 21 17 14 19 23 23 15 14 18 16
9 15 14 12 12 12 15 12 18 12 14 16 17 17 15 14 15 12 10 14 11 12 16 14 17 11 16 18 13 10 12 12 15 15 11 10 13 13 13 15 13 15 13 14 15 9 10 15 14 15 17 11 12 15 16 13 9 15 14 16 12 14 14 15
9 12 13 10 10 11 17 17 11 16 17 12 17 17 11 15 14 14 11 15 13 14 14 13 14 15 14 19 15 14 9 11 13 16 9 7 15 10 13 11 13 14 10 10 12 12 10 19 12 12 14 13 12 8 15 13 8 13 15 18 11 11 13 15
16 14 13 13 13 16 17 16 16 16 17 14 15 14 16 20 14 14 14 16 12 17 12 18 14 14 14 14 18 14 14 15 12 20 11 14 21 15 14 18 19 13 10 14 16 19 9 15 11 13 11 14 13 16 15 12 7 13 17 21 16 13 14 15
19 20 21 24 20 20 27 19 22 24 25 24 26 22 24 26 22 18 19 18 21 23 24 22 31 21 23 25 26 20 22 23 25 26 16 17 24 22 25 30 27 25 18 22 21 23 17 29 17 21 25 20 18 23 25 21 14 25 26 26 20 22 23 22
19 17 16 19 17 21 24 16 19 19 22 18 24 18 18 24 18 19 16 22 19 21 19 20 26 19 23 22 23 21 20 20 18 24 19 17 21 17 23 23 25 21 17 17 20 21 16 24 17 21 16 20 15 19 21 17 9 20 21 23 21 18 19 23
19 17 17 15 15 21 22 18 17 19 25 21 18 20 21 24 22 14 18 15 14 19 16 20 20 17 20 22 22 21 19 20 20 23 12 15 23 15 16 26 22 23 15 17 20 24 9 25 15 17 22 15 17 18 23 19 13 20 27 25 20 16 20 19
11 12 13 18 14 13 20 15 15 16 16 17 22 10 14 15 13 14 15 15 15 19 17 20 17 15 15 18 19 15 12 13 13 18 15 12 16 12 17 15 15 16 13 16 14 13 13 15 13 16 16 11 11 17 19 14 9 15 14 18 15 13 15 14
17 17 14 17 15 12 21 15 17 19 21 22 23 13 20 18 16 14 18 20 18 18 14 16 18 20 15 18 19 17 13 18 20 21 13 16 20 13 14 17 21 18 14 18 17 16 16 16 14 18 16 15 15 18 20 14 11 20 18 20 16 12 21 17
12 12 18 16 11 14 14 14 14 14 17 14 15 14 17 13 20 15 15 14 11 17 15 15 16 16 18 13 16 15 15 16 18 22 12 15 19 12 13 21 12 15 14 16 15 15 13 18 13 12 15 10 14 16 15 12 11 13 15 22 18 14 18 16
10 16 14 19 14 14 19 11 15 14 16 15 18 14 15 15 17 13 13 12 14 19 16 11 18 14 16 18 19 15 18 14 16 18 12 12 16 10 15 17 15 13 14 14 14 12 14 16 11 15 15 9 16 13 18 13 10 12 15 16 14 13 19 16
17 18 14 18 14 16 23 17 19 18 20 18 19 17 15 21 19 16 15 17 16 20 21 20 21 18 17 22 20 18 15 16 16 25 16 14 20 14 16 21 18 20 14 23 14 16 18 22 18 17 15 15 14 15 19 16 13 17 22 23 17 19 19 17
16 15 13 19 15 19 21 19 19 17 17 18 22 15 13 21 18 17 16 18 16 21 19 20 19 14 18 20 21 14 17 13 11 21 14 18 25 15 20 21 16 21 13 15 14 16 16 19 14 15 15 14 13 15 16 17 15 16 18 20 19 16 17 14
15 16 12 13 11 15 20 13 16 16 18 18 19 15 13 17 12 10 11 16 14 17 16 20 20 15 18 21 18 11 11 17 11 17 10 11 15 13 18 18 18 16 9 16 16 14 10 17 13 14 13 15 12 13 17 14 8 17 18 16 14 17 15 17
13 9 14 14 15 14 19 14 14 16 13 11 18 12 15 18 12 12 14 17 17 19 19 14 18 12 16 14 18 9 15 15 16 18 11 12 16 12 15 15 14 17 12 15 12 10 14 16 13 14 15 12 10 18 14 14 8 16 16 17 13 12 14 17
15 16 18 14 15 15 22 15 14 20 21 21 21 17 18 19 20 17 17 14 16 17 14 19 24 19 18 23 19 15 18 21 17 22 13 15 21 15 15 23 17 18 15 22 20 20 15 19 17 17 19 13 16 18 20 13 16 18 21 21 18 16 18 19
16 15 18 18 11 14 20 16 14 19 23 18 18 20 17 17 17 16 14 14 17 18 17 17 18 19 16 19 23 16 16 19 17 22 14 15 15 15 20 19 21 13 12 16 16 17 11 17 17 19 17 16 15 15 19 16 10 16 18 19 16 15 20 18
16 16 15 19 17 19 24 17 20 20 23 23 24 15 17 21 19 16 21 19 18 21 20 23 23 19 17 23 23 16 16 23 18 23 14 14 17 15 17 20 19 21 17 21 20 18 16 18 15 17 17 14 15 19 20 15 13 24 19 20 17 16 17 18
16 15 14 18 11 15 18 17 14 21 20 16 21 18 16 16 20 17 16 17 19 15 12 16 18 15 16 22 21 14 15 20 17 21 15 15 21 17 14 21 19 16 14 17 15 18 15 21 14 16 16 14 14 18 17 13 12 16 18 18 16 14 17 13
15 14 12 15 17 15 22 12 18 15 19 16 20 19 19 20 17 13 10 14 14 19 15 19 23 19 20 14 15 14 15 17 15 21 11 17 20 16 16 21 18 20 14 19 15 13 12 20 13 14 15 12 13 22 17 14 10 18 19 20 17 21 21 18
14 18 18 17 17 17 25 14 18 17 22 15 20 14 15 19 18 18 14 18 15 20 17 20 21 21 17 22 19 18 16 17 16 25 13 15 18 17 19 23 19 19 14 23 19 17 16 21 18 14 16 13 14 17 21 14 13 16 19 23 19 17 21 16
14 13 11 10 9 13 17 12 19 15 18 14 17 13 18 23 14 14 11 16 15 13 11 16 16 13 12 14 14 15 12 11 13 20 11 14 17 13 14 18 18 18 13 14 16 16 10 15 13 13 12 12 11 16 14 15 8 18 15 17 14 12 16 14
16 22 15 16 13 12 20 18 15 20 23 17 22 16 16 19 19 15 16 18 14 17 16 17 19 16 22 22 17 17 13 20 18 20 16 14 24 17 16 22 17 19 14 15 15 15 15 21 14 17 16 16 13 17 21 13 8 17 17 23 16 14 15 18
13 15 11 14 11 10 14 13 14 12 15 14 17 14 16 16 16 11 15 13 16 15 13 13 15 11 11 16 15 12 12 10 14 16 12 11 17 7 11 10 15 12 14 12 11 12 12 13 13 13 11 10 14 12 16 14 9 11 11 16 12 11 17 12
13 14 15 14 16 16 15 15 15 15 17 20 19 11 13 18 17 12 14 17 14 20 17 15 22 14 17 21 19 13 16 18 18 16 15 11 16 13 13 17 16 16 13 15 13 16 13 18 10 15 16 12 10 17 19 11 9 17 19 18 12 12 12 17
12 13 16 13 16 17 22 17 17 17 24 17 18 20 16 22 20 17 17 20 15 18 16 19 19 15 19 15 21 16 20 14 17 19 14 15 20 14 17 19 17 20 16 12 17 17 8 20 13 15 17 11 11 21 19 16 11 17 18 24 16 15 19 19
19 15 11 17 8 13 13 16 16 18 16 15 15 16 15 20 17 13 11 14 17 19 13 15 19 14 13 17 18 14 13 9 13 19 15 14 18 13 16 14 22 14 13 15 10 16 10 19 13 16 10 14 15 12 16 15 11 12 13 16 16 15 15 13
15 18 13 13 10 14 17 17 17 16 16 18 18 20 18 17 17 10 13 16 14 14 16 17 14 15 16 18 19 17 12 19 15 22 13 9 18 13 10 17 13 15 9 13 15 18 13 16 11 12 16 12 14 13 17 13 11 14 20 20 12 10 17 14
16 12 13 10 10 13 14 12 10 14 17 12 12 13 10 15 17 9 14 14 10 14 12 13 13 9 13 15 14 10 14 14 11 14 9 11 15 11 13 15 13 14 8 14 13 13 9 14 13 12 11 10 10 14 14 9 11 13 12 15 12 12 10 12
11 11 13 14 15 15 15 17 13 17 20 17 21 16 16 21 19 15 16 17 18 18 13 16 14 12 17 19 23 13 15 16 19 16 11 13 19 12 16 16 16 14 15 13 14 16 13 16 11 17 14 12 8 16 13 14 8 18 21 18 14 12 17 19
13 13 9 14 11 17 21 15 16 14 17 12 18 16 14 20 17 12 10 14 17 15 12 15 15 13 17 20 13 15 14 13 12 18 10 16 18 12 14 17 14 18 13 14 15 16 15 20 15 13 14 15 12 11 15 15 10 14 17 17 18 13 16 17
15 14 17 17 13 15 20 20 15 16 19 16 21 19 14 17 17 15 15 15 17 20 18 16 20 14 20 23 17 14 14 20 16 19 15 18 18 14 14 20 15 17 13 17 14 13 14 19 16 15 14 13 11 19 19 15 9 18 18 19 15 16 16 12
10 14 14 16 16 12 16 13 15 16 17 16 19 15 16 15 15 13 15 18 12 13 15 14 16 14 13 16 21 15 15 13 16 16 11 12 20 17 19 17 15 13 13 13 14 15 12 18 7 14 16 12 10 14 16 14 11 16 14 19 13 12 18 14
14 14 12 13 14 15 17 15 12 17 17 14 17 14 11 17 14 16 13 13 15 14 11 16 17 16 16 20 13 14 11 15 13 15 9 15 17 14 12 19 17 14 11 15 10 11 11 18 11 15 15 13 11 13 16 11 8 17 18 15 16 13 14 13
18 14 16 19 14 18 22 15 19 19 21 19 20 16 18 19 20 16 15 18 18 22 17 21 26 19 18 24 20 16 17 21 18 23 14 18 18 14 18 22 20 18 16 21 18 16 14 20 16 19 17 17 18 18 23 14 11 19 20 20 18 17 17 21
14 17 14 12 17 20 22 16 17 20 23 18 18 16 16 20 15 14 14 21 16 20 15 19 20 17 17 22 20 14 17 17 13 20 11 9 19 11 15 19 20 18 12 18 13 20 12 19 17 15 13 9 13 15 21 14 9 17 20 19 18 13 15 16
14 12 20 19 14 17 21 18 19 19 18 17 20 17 16 19 19 20 14 16 20 21 14 18 18 15 13 17 20 16 16 17 16 23 13 17 17 14 18 20 19 15 12 20 17 15 15 16 16 14 15 13 18 20 18 14 13 15 18 22 17 18 19 15
11 17 16 18 17 15 19 17 17 18 18 18 23 16 16 22 17 17 13 12 17 19 17 17 19 18 17 23 20 15 18 16 20 17 15 15 17 18 16 21 21 18 14 18 17 17 13 14 16 16 18 12 12 17 16 16 9 15 20 18 15 18 16 20
15 17 8 14 14 14 18 13 21 13 18 18 21 14 14 20 15 16 14 14 18 16 12 14 20 14 16 20 16 16 15 12 15 18 12 14 19 14 17 18 20 17 15 13 16 14 11 18 11 18 20 16 16 15 16 17 9 15 20 16 14 13 17 18
13 16 16 15 13 14 17 13 15 15 16 18 16 14 14 18 16 15 14 15 13 15 16 16 19 14 14 18 18 13 12 16 15 19 11 13 15 15 16 18 18 14 13 15 15 13 12 18 14 13 15 16 11 13 15 12 11 19 15 17 16 13 16 10
18 22 18 21 19 21 22 16 19 21 19 24 25 18 21 23 22 12 15 22 17 24 23 20 25 21 22 23 27 18 23 18 20 23 20 14 27 19 22 23 23 24 16 19 19 20 17 22 15 18 17 14 19 18 25 15 15 16 24 25 20 18 18 22
9 14 11 8 12 13 14 10 15 16 14 13 15 10 14 16 11 12 13 16 11 11 11 15 16 11 12 15 16 12 10 12 12 15 11 8 16 13 15 16 15 14 11 15 12 10 11 13 10 11 13 9 15 12 15 11 6 11 12 14 12 13 11 16
14 12 11 16 11 14 19 15 15 11 19 14 18 16 15 18 13 10 10 12 13 19 16 13 15 14 14 16 12 15 14 11 14 20 9 16 16 11 13 17 15 16 10 13 14 13 8 18 12 10 13 16 14 14 17 17 10 12 16 20 13 16 17 13
15 12 13 14 6 8 15 11 11 16 16 12 16 12 11 14 12 10 11 15 12 14 14 9 19 16 12 16 14 11 12 13 12 17 11 12 13 14 14 14 16 15 7 14 10 12 10 14 11 13 11 12 12 11 15 11 10 11 12 14 10 13 14 15
8 13 13 13 11 9 13 14 14 12 18 11 17 12 11 12 14 11 10 14 10 17 13 13 10 11 10 14 14 14 12 13 13 15 9 8 14 7 11 14 12 13 9 13 13 14 10 10 12 10 10 7 9 13 14 12 7 8 12 21 9 9 11 12
12 14 13 18 15 19 17 11 15 14 17 20 15 18 18 16 16 12 12 13 12 20 16 16 18 18 16 17 18 11 17 13 17 19 13 17 18 18 17 20 19 13 12 17 16 19 8 18 15 13 13 12 16 14 19 14 11 14 16 18 19 14 15 12
16 18 18 21 20 20 28 21 20 23 25 21 30 20 23 26 22 22 19 21 22 24 22 24 27 22 24 29 24 20 18 19 20 26 18 24 28 20 20 26 22 23 20 25 22 21 19 25 19 16 16 17 22 21 23 21 13 24 23 26 24 25 22 25
12 13 13 14 10 14 17 17 15 18 18 18 18 18 11 18 18 16 15 17 17 17 14 17 19 13 14 20 21 12 16 16 12 18 15 14 19 15 16 18 14 14 9 16 13 18 14 16 12 13 13 13 10 17 14 12 12 15 18 19 12 16 15 15
13 11 9 15 16 15 15 12 15 14 14 16 14 16 17 17 16 9 11 17 15 17 16 13 16 15 15 17 17 11 12 14 17 17 8 13 18 14 12 15 15 12 13 15 8 13 9 19 9 11 14 14 10 11 15 15 11 17 20 16 15 11 16 12
12 14 17 16 16 12 14 10 15 14 13 18 17 12 16 13 19 14 14 15 10 13 13 17 18 16 13 17 17 16 14 16 18 16 10 11 17 14 14 19 14 15 14 17 17 12 12 15 12 14 20 12 13 17 15 12 13 15 15 21 12 12 15 13
13 12 15 13 12 13 20 12 11 18 18 16 18 14 19 18 17 14 17 16 17 17 12 18 19 18 16 17 17 17 16 16 15 20 14 13 20 13 13 19 16 20 17 16 20 16 13 19 14 13 13 10 15 17 20 15 13 15 16 25 17 13 18 17
14 15 14 13 13 17 25 14 22 19 22 19 18 14 17 18 15 15 15 17 16 14 11 21 19 20 16 19 14 15 14 19 13 22 9 13 19 14 14 21 19 20 14 18 19 18 10 18 14 13 16 12 17 18 21 12 10 19 19 20 18 16 18 16
18 18 18 19 13 17 20 15 18 19 21 17 20 16 14 18 23 18 17 17 18 20 16 19 19 18 21 21 20 14 19 19 18 23 15 15 24 17 20 24 21 20 15 18 18 19 14 22 16 17 18 15 13 20 18 15 15 16 22 24 18 17 19 17
15 12 11 11 8 14 17 9 14 17 17 16 15 19 13 17 11 16 16 18 16 16 14 19 21 14 16 18 20 13 13 20 10 22 13 14 13 15 12 16 14 15 13 15 15 16 10 19 11 14 12 13 13 14 13 13 13 16 18 18 17 14 18 15
15 19 12 15 13 17 22 14 16 17 19 16 21 14 16 19 16 12 13 16 12 16 17 18 19 13 19 20 18 15 13 17 15 19 14 11 16 10 15 18 19 18 11 18 13 17 13 16 17 14 12 10 12 14 19 13 7 15 15 13 15 16 13 15
10 17 14 13 15 15 23 9 15 17 19 16 18 17 16 18 14 17 11 14 17 17 12 17 20 15 19 17 18 14 17 16 14 20 11 12 17 11 16 18 15 16 14 15 15 17 13 20 12 14 15 8 14 15 17 13 10 14 19 19 18 14 20 18
9 18 14 12 13 11 18 9 15 14 16 15 18 13 14 15 9 12 9 14 12 14 11 15 17 12 16 17 16 14 10 15 14 17 9 11 13 13 15 16 17 12 10 13 16 12 9 15 12 12 11 12 14 12 17 10 5 12 13 16 15 13 16 15
17 15 18 15 13 22 25 17 18 21 20 19 20 14 14 21 16 14 13 20 16 19 16 17 21 16 16 22 20 15 16 16 13 22 17 16 17 18 19 21 20 22 9 19 18 17 12 21 16 14 16 14 15 17 25 14 13 20 18 19 19 15 14 14
16 17 18 16 17 12 18 17 16 19 20 21 20 17 19 20 19 16 15 19 15 19 18 18 19 18 17 18 20 16 12 17 21 20 14 14 18 15 18 18 19 17 10 17 11 14 11 16 14 18 19 16 12 18 19 15 10 19 20 23 14 16 20 19
10 13 17 16 13 17 18 16 13 15 15 13 18 18 15 16 19 12 14 11 16 14 15 15 17 12 17 20 19 15 16 16 16 15 11 11 14 12 12 20 17 13 15 17 16 14 11 19 15 11 16 8 14 16 16 15 10 15 16 15 18 17 15 14
16 15 13 13 17 17 21 13 19 17 22 20 19 15 18 20 20 16 19 18 15 13 15 19 19 15 16 17 21 18 16 17 14 23 14 15 18 14 16 18 15 19 17 18 17 17 14 16 11 16 16 13 15 16 16 12 13 19 21 20 18 15 19 19
19 20 16 20 17 15 21 17 21 20 21 21 20 18 20 21 20 16 17 18 21 24 16 20 19 17 20 22 18 18 18 18 21 19 14 18 24 16 16 21 21 18 15 19 14 14 15 18 16 22 21 15 17 19 21 18 11 18 22 22 17 15 20 19
16 15 13 18 14 15 20 16 18 15 18 17 20 17 16 23 18 16 13 12 19 20 15 15 23 15 17 19 15 16 17 18 17 22 13 17 18 13 15 20 18 15 17 19 16 17 13 22 11 15 16 17 14 19 18 15 11 17 18 21 17 17 18 16
