49 0 56 30 48 0 0 0 0 0 8 0 0 0 0 45 106 64 4 0 0 56 54 54 21 0 0 64 0 0 52 0 12 48 0 0 9 0 30 0 8 60 0 0 14 0 0 0 0 0 0 0 36 48 0 3 8 0 30 24 0 6 0 102
0 0 0 93 0 0 0 20 0 0 0 0 15 32 40 54 0 35 0 0 0 63 0 0 0 0 0 0 9 0 40 16 0 137 0 16 0 0 8 0 32 0 0 0 8 0 0 0 0 63 0 0 0 0 0 0 0 0 0 0 0 0 72 0
36 12 4 7 0 0 16 52 0 0 0 0 36 0 71 43 4 60 24 0 0 0 14 37 0 24 49 16 36 48 18 28 0 40 0 0 0 44 0 23 0 28 28 0 0 27 0 0 15 12 32 0 82 51 48 9 5 0 0 56 15 0 35 0
30 30 24 0 0 18 24 0 0 0 72 15 0 37 0 85 0 0 30 0 32 0 0 0 0 6 0 0 0 0 0 6 30 24 0 0 0 21 4 0 27 9 0 0 4 30 0 0 0 15 0 15 30 36 0 0 6 27 0 0 0 0 36 30
0 39 0 18 0 0 0 0 12 0 43 0 0 0 0 0 0 0 0 18 0 0 0 18 0 0 0 0 0 24 43 0 0 36 6 0 12 0 0 18 0 0 0 0 0 0 0 0 45 0 0 0 0 0 0 54 72 27 0 40 20 0 76 12
0 0 0 0 0 0 0 0 0 0 0 0 0 0 0 0 0 36 0 0 18 0 0 0 0 0 0 0 0 48 0 0 0 0 0 0 0 0 0 0 0 0 0 0 0 0 0 0 0 0 6 0 0 0 0 0 0 0 0 0 0 0 0 0
63 0 12 0 27 72 0 0 0 0 0 0 18 28 49 0 0 7 0 0 0 0 0 0 0 28 9 0 63 0 3 21 35 0 6 0 6 0 0 0 0 0 49 0 0 0 0 0 9 21 56 0 0 0 0 0 0 3 24 24 0 27 0 3
0 42 0 66 54 35 35 8 0 0 0 0 0 28 63 27 108 81 40 25 0 63 18 0 0 5 0 73 0 9 18 63 0 47 0 35 0 42 0 0 19 56 0 0 0 40 1 0 0 2 0 1 0 83 0 20 53 30 31 45 0 0 8 54
18 0 36 113 0 0 21 63 0 0 0 0 0 0 18 48 8 24 72 45 0 86 0 0 0 0 27 0 8 20 0 63 0 0 0 0 18 25 0 14 10 70 0 0 0 113 0 0 27 74 0 0 0 12 0 15 0 13 102 162 14 150 0 9
0 19 12 70 36 48 4 0 0 8 0 30 24 42 0 111 35 0 0 0 16 65 47 45 4 1 6 0 25 0 34 15 12 44 24 8 4 56 25 0 54 24 8 0 0 0 0 0 6 63 0 4 40 90 0 0 12 58 49 36 0 23 0 47
0 55 31 0 0 63 20 0 0 0 0 0 0 28 69 15 0 42 0 0 0 0 0 0 0 5 0 0 12 74 0 5 35 0 46 0 4 48 0 0 0 4 22 0 24 4 2 0 4 0 42 8 4 10 0 0 64 0 0 0 0 0 64 0
25 63 29 0 0 83 92 12 18 0 24 0 27 39 29 54 0 93 0 18 0 71 0 6 35 9 0 0 0 36 24 0 0 69 14 88 12 0 0 0 0 0 54 16 0 0 0 0 46 20 0 15 0 36 49 60 0 85 64 24 30 0 16 18
0 0 0 0 0 0 59 79 0 0 0 14 32 36 14 21 0 0 24 15 0 42 0 24 0 0 0 0 0 28 48 153 0 45 0 0 0 35 0 42 23 42 0 0 35 124 0 14 0 0 0 0 48 0 0 24 0 3 42 34 40 0 14 0
0 0 0 0 0 0 0 0 0 0 0 0 0 45 0 0 0 0 0 0 0 0 0 0 0 0 0 0 0 0 0 0 0 0 0 0 0 0 0 0 0 0 0 0 0 0 0 0 0 0 0 0 0 0 63 0 0 0 0 0 0 0 0 0
0 10 43 0 72 72 8 2 0 45 85 40 48 76 0 88 20 0 20 0 0 0 0 0 0 2 0 0 0 0 8 2 76 0 16 10 45 56 0 1 72 28 0 45 0 0 0 25 18 0 0 6 0 74 0 15 56 80 0 0 0 0 0 0
5 0 18 36 0 4 4 24 9 0 57 0 18 0 48 0 0 42 0 0 20 7 0 0 7 4 28 0 21 18 42 12 15 105 0 12 0 0 0 0 24 9 0 0 0 0 0 24 4 4 0 0 0 0 0 0 0 8 8 12 15 0 0 9
0 54 42 0 36 16 64 74 0 54 159 0 15 24 48 30 72 83 84 45 36 58 0 0 6 56 0 48 0 0 12 0 84 25 48 24 27 48 0 0 6 24 0 54 0 72 6 54 0 0 24 0 0 0 0 9 24 9 0 81 24 0 0 36
35 63 36 37 0 0 21 89 0 32 0 0 0 0 46 0 44 24 0 0 20 0 8 0 23 0 27 0 0 36 0 87 0 54 0 0 18 0 0 49 0 0 0 0 30 37 39 28 27 18 0 0 0 70 0 15 24 14 72 117 77 102 0 57
7 25 0 56 0 0 0 8 0 0 54 10 0 25 0 0 0 35 0 0 24 0 0 14 0 0 0 0 0 0 0 0 18 0 0 5 0 40 0 4 0 57 15 0 20 16 0 4 9 6 35 9 0 24 35 0 0 0 0 0 0 42 18 0
0 0 0 0 0 0 0 20 0 0 0 0 15 0 40 0 0 35 0 0 0 0 0 0 0 0 0 0 0 0 0 0 0 25 0 0 0 0 0 0 0 0 0 0 0 0 0 0 0 0 0 0 0 0 0 0 0 0 0 0 0 0 0 0
0 0 32 15 0 0 18 64 0 0 63 0 0 0 15 18 0 72 0 0 28 21 0 0 0 0 15 0 10 0 16 35 21 0 24 0 10 2 0 0 24 19 0 0 0 0 8 8 18 21 0 8 0 0 0 4 0 0 96 40 0 45 0 5
0 0 18 18 0 81 0 0 0 0 0 0 0 36 78 0 0 0 0 0 0 0 0 0 0 0 9 6 0 0 0 21 45 0 24 0 6 0 0 0 0 0 0 0 0 0 6 0 12 12 0 0 0 0 0 0 0 0 24 24 0 27 0 3
0 90 16 74 0 12 52 0 18 0 93 10 0 50 0 30 0 0 36 0 0 0 0 48 0 4 0 0 0 81 46 14 91 40 0 10 81 14 0 14 74 6 0 0 0 0 0 0 35 0 54 0 0 24 0 69 204 39 0 0 0 30 107 0
42 18 90 0 0 0 63 18 0 28 0 0 0 9 0 18 0 18 0 0 65 7 7 0 34 3 21 0 105 24 56 0 6 0 56 28 0 7 0 0 0 45 28 36 12 0 30 64 3 0 3 14 35 0 0 14 0 0 9 0 8 0 0 0
0 39 28 0 0 14 36 68 0 17 72 63 24 0 0 18 0 0 0 0 5 0 12 18 4 8 3 0 6 58 36 73 0 18 7 14 4 36 0 0 0 0 2 0 0 141 35 0 3 0 9 4 36 20 48 26 1 19 8 8 30 9 0 1
0 66 24 49 0 0 24 36 0 0 0 0 0 0 49 18 28 0 0 0 0 0 14 0 4 6 0 0 0 0 0 6 0 0 0 0 0 0 0 0 0 0 0 0 0 0 4 16 0 0 0 0 0 61 0 0 35 0 0 0 16 0 0 0
0 105 41 83 12 0 54 0 27 18 26 0 0 62 0 10 52 16 4 0 0 14 36 108 0 0 0 22 0 0 28 0 82 44 0 0 9 42 20 0 56 62 0 18 0 0 24 10 0 12 81 0 60 32 0 3 8 0 44 16 0 49 0 48
0 0 77 57 0 0 0 0 9 72 84 0 0 32 15 52 32 0 0 0 0 42 0 0 0 0 0 9 6 18 12 0 56 27 24 0 0 0 0 0 0 20 0 72 0 0 19 40 3 60 0 0 20 0 0 0 0 0 0 12 15 0 0 9
5 109 12 56 0 22 36 81 0 0 0 15 8 56 56 51 32 32 9 0 0 23 16 0 16 0 0 6 0 0 0 0 6 0 0 25 0 24 0 6 27 9 24 0 0 0 9 36 48 4 0 15 24 80 49 0 46 35 8 0 36 0 0 0
2 0 0 34 0 12 90 40 0 0 0 0 8 12 42 0 0 48 0 0 0 12 0 6 0 42 0 0 0 72 12 18 0 18 36 18 0 36 3 0 0 10 0 0 3 60 0 0 0 36 18 0 12 0 0 36 64 0 0 18 10 54 91 0
63 0 72 5 0 0 0 48 0 0 0 20 0 5 0 27 7 54 0 0 0 0 9 37 27 0 0 0 0 0 6 0 9 8 0 0 0 0 5 0 18 60 0 20 18 32 0 8 0 12 0 18 6 8 0 18 0 0 67 4 0 1 36 9
63 0 72 0 0 0 0 56 0 0 0 0 0 0 0 32 0 63 0 0 0 0 0 0 27 0 0 0 0 0 0 0 9 0 0 0 0 0 0 0 21 50 0 0 18 0 0 0 0 0 0 7 0 0 0 0 0 0 49 0 0 0 0 0
25 0 8 0 0 20 20 6 0 0 40 0 12 0 20 5 0 0 20 0 0 35 0 9 35 0 0 0 0 9 18 27 25 0 32 0 45 0 0 0 0 0 0 0 0 27 0 0 4 20 0 0 18 0 0 24 48 40 40 0 15 0 8 0
0 0 18 0 0 58 16 48 12 0 16 0 0 24 89 0 0 54 0 0 0 4 0 0 0 14 0 0 36 30 16 0 30 36 126 6 12 12 0 0 18 12 12 0 0 12 0 0 9 0 6 30 0 0 0 0 0 0 42 16 20 0 0 12
9 0 42 90 0 0 42 36 0 54 54 0 0 24 36 12 24 48 0 0 0 0 0 0 0 0 0 0 0 0 0 0 42 0 0 0 0 0 0 0 0 45 0 54 0 42 0 30 0 36 0 0 0 0 0 30 0 0 0 18 0 96 0 0
1 7 0 23 0 0 35 30 0 0 0 0 0 0 30 0 0 40 9 0 0 0 0 0 0 0 0 6 0 0 0 0 0 2 0 0 0 10 0 6 0 8 0 0 0 35 0 0 3 30 0 0 24 0 0 25 0 0 4 15 0 41 0 0
0 35 0 0 0 24 0 14 0 0 0 20 0 48 0 36 0 0 0 0 0 0 0 0 0 0 0 0 0 0 0 0 8 19 0 0 0 63 0 7 36 55 0 0 5 0 0 0 0 0 0 0 0 74 28 0 8 36 20 6 0 0 0 8
72 0 0 35 36 12 51 32 0 0 0 0 28 0 30 69 0 48 16 0 0 28 0 3 0 32 0 0 76 0 10 9 0 0 8 0 0 0 0 0 0 0 56 0 0 44 0 0 0 82 64 0 6 0 0 100 0 4 0 15 5 35 0 0
50 0 0 25 0 73 28 50 0 48 0 30 4 74 7 84 12 87 48 30 73 88 4 3 73 0 0 0 37 92 6 33 17 42 32 16 0 42 7 21 69 28 16 0 7 73 32 0 0 63 7 13 26 66 0 3 16 122 91 54 26 0 63 0
0 0 0 40 0 45 61 14 0 56 0 16 0 26 51 24 56 0 48 30 35 0 72 72 28 0 0 0 0 99 88 42 25 64 0 0 0 5 40 48 0 0 0 24 40 76 76 16 0 0 0 0 48 64 0 10 39 6 46 94 0 8 48 72
36 0 0 72 0 0 10 63 0 8 0 0 0 8 0 0 0 21 0 0 25 44 2 0 4 12 0 0 43 52 0 18 0 10 16 8 0 35 0 0 16 87 29 0 0 28 0 0 0 9 27 4 10 0 0 0 0 0 42 0 0 54 0 0
0 91 0 59 0 0 66 9 27 0 21 0 0 54 0 10 0 0 0 0 0 6 12 72 0 0 0 0 0 52 21 0 63 0 0 0 0 41 0 14 56 6 0 0 0 4 0 0 35 0 81 0 0 0 48 66 56 21 26 0 0 45 35 0
0 0 0 22 0 0 8 16 0 64 54 0 0 15 7 0 4 0 0 0 64 0 10 0 32 0 0 5 30 109 0 48 18 0 35 0 10 24 0 0 0 0 10 0 0 42 69 0 0 10 0 20 0 7 53 0 13 0 0 0 0 0 0 0
15 0 0 3 0 63 0 81 0 36 0 0 0 0 0 0 12 0 0 0 72 63 9 0 18 9 0 1 72 36 0 0 0 0 72 99 0 45 0 21 18 54 36 0 0 36 1 0 0 2 0 18 45 54 0 36 0 51 54 0 21 0 0 0
0 0 54 0 0 0 0 0 27 0 36 20 0 0 0 0 0 0 0 0 0 0 0 28 0 0 0 0 63 54 36 0 0 81 0 0 0 0 0 0 0 39 0 0 0 32 0 80 0 12 0 12 0 0 0 0 0 0 0 36 45 0 36 27
15 0 0 24 0 0 4 0 0 0 0 0 0 0 0 0 12 0 4 0 0 0 0 0 0 0 0 8 0 0 0 0 0 0 0 0 0 0 0 21 0 0 0 0 0 0 8 0 0 16 0 0 0 18 0 18 0 6 0 0 21 0 0 0
0 38 35 4 6 0 5 0 0 73 51 0 0 24 0 13 28 50 0 0 56 14 7 0 14 0 0 8 56 0 8 9 35 5 56 63 0 48 0 4 2 4 46 45 24 0 0 25 73 0 42 35 35 0 0 12 16 6 0 0 0 0 10 6
28 35 30 8 0 42 28 56 0 32 27 0 0 30 5 21 0 57 0 0 32 0 0 0 16 25 0 0 27 36 0 31 9 0 8 42 0 0 0 0 18 17 21 0 0 16 32 0 1 9 24 6 0 38 42 24 4 30 42 0 0 6 0 0
0 0 0 25 0 0 14 14 0 0 0 14 28 0 14 51 0 54 32 20 27 35 0 21 0 0 0 0 5 72 42 63 0 0 0 0 0 0 0 42 0 0 0 0 35 95 0 14 0 35 9 0 42 0 0 21 0 4 0 43 35 0 14 0
25 0 24 0 18 0 0 34 0 0 0 0 21 0 56 9 44 73 0 0 0 21 0 0 0 0 18 24 0 0 6 42 0 35 0 0 12 0 0 38 3 24 0 0 0 0 0 0 18 0 0 0 0 48 0 0 0 10 48 48 35 54 0 24
0 0 0 20 54 108 45 0 0 0 0 30 0 74 56 81 100 72 0 0 0 63 36 36 0 0 0 72 0 0 82 0 52 32 0 0 0 47 20 0 63 54 0 0 0 0 20 0 0 0 0 0 24 80 0 28 12 54 35 16 0 4 0 90
63 0 0 27 0 45 63 118 0 0 0 0 72 20 89 0 0 79 17 5 0 0 0 12 0 28 16 6 63 0 24 36 25 0 0 0 0 3 0 6 0 0 49 0 0 107 0 0 3 75 56 0 48 24 0 57 0 1 0 36 20 63 40 0
0 28 12 42 0 0 81 42 0 0 0 0 8 20 63 24 12 88 21 0 0 16 6 0 0 3 21 14 0 0 0 0 0 30 0 0 0 7 5 14 0 0 24 0 5 49 0 0 10 42 0 0 56 21 0 35 15 0 0 21 0 49 45 0
0 92 0 32 27 9 0 28 0 0 27 0 39 0 70 0 8 49 0 0 0 0 4 0 0 0 0 0 0 0 30 0 0 51 6 0 0 56 0 18 0 24 0 0 0 0 0 0 45 0 0 0 0 14 0 102 82 30 72 0 0 0 45 0
0 99 0 60 0 2 83 90 27 0 0 0 0 59 19 0 0 78 0 0 27 26 0 72 4 7 0 2 0 88 0 0 63 0 6 3 0 26 0 0 62 24 0 20 0 37 6 16 0 22 93 0 0 0 0 15 0 0 29 9 16 66 0 0
0 0 0 0 0 42 5 40 0 0 0 35 0 53 0 63 0 45 0 0 0 0 0 0 0 0 0 0 0 0 0 9 14 5 0 0 0 49 0 0 79 31 0 0 0 0 0 0 0 0 0 5 0 56 0 0 14 63 35 0 0 0 0 0
0 34 0 0 0 0 0 43 0 64 16 0 0 0 0 0 0 0 8 0 40 0 0 28 35 0 0 0 0 72 0 48 10 0 0 0 18 0 0 0 0 0 0 0 0 32 67 12 0 0 0 0 0 0 0 6 24 0 0 56 12 0 35 0
0 6 0 0 0 0 25 0 0 0 0 0 0 20 0 0 0 0 0 0 0 0 0 24 0 0 0 0 0 0 0 45 0 25 0 0 0 0 0 0 5 0 0 0 0 0 0 0 0 0 0 0 0 0 0 0 0 0 0 48 0 0 30 0
30 0 21 40 0 0 0 0 0 0 0 0 0 6 0 48 24 0 0 0 0 56 0 0 0 0 0 0 8 0 0 0 0 0 0 0 0 0 0 42 0 28 0 24 0 0 14 0 0 56 0 0 28 36 0 0 0 12 6 0 42 0 0 0
5 8 35 27 0 4 92 68 0 99 63 0 14 40 54 10 20 81 0 0 8 7 0 32 7 0 4 0 36 0 0 45 77 25 0 0 0 0 0 0 5 0 0 45 0 63 0 25 0 58 9 0 0 6 0 45 0 8 8 91 0 63 50 0
0 0 0 62 0 0 69 62 15 56 20 0 0 0 54 30 14 76 0 0 20 35 24 18 16 0 0 0 45 94 32 24 16 70 28 0 8 18 10 0 0 0 8 0 5 87 32 0 0 89 4 16 12 16 24 45 4 0 10 61 25 65 0 41
24 77 39 45 48 49 48 16 24 0 0 0 32 48 0 62 64 64 45 0 0 63 0 88 0 7 0 78 36 0 64 72 56 6 0 49 0 28 0 14 56 68 0 0 0 96 6 40 7 19 72 12 140 28 0 52 0 35 12 0 40 40 0 72
0 5 0 0 30 0 0 68 0 5 40 35 21 0 56 15 40 89 8 5 0 35 0 0 0 0 0 40 0 0 10 0 0 45 0 0 0 0 0 5 5 40 0 0 0 53 15 0 0 0 5 0 0 30 0 0 0 6 0 9 0 0 0 30
24 10 30 54 0 72 147 42 0 0 48 0 0 60 98 32 0 70 112 40 0 0 0 0 0 0 0 1 7 18 81 73 70 75 0 10 54 23 0 0 27 35 6 0 8 137 45 8 0 56 14 12 56 0 0 67 64 8 0 93 0 49 16 24
