1348 1465 1318 1340 1438 1348 1475 1380 958 1345 1347 1482 1458 1398 1447 1285 1220 1253 1649 1329 1259 1663 1429 1167 1457 1587 1283 1375 1479 1582 1512 1481 1578 1232 1386 1196 1367 1405 1294 1313 1454 1499 1497 1604 1449 1303 1315 1202 1317 1607 1420 1342 1360 1368 1253 1374 1151 1226 1478 1400 1220 1509 1457 1463
1228 1130 1089 1224 1298 1194 1383 1382 916 1400 1225 1243 1354 1234 1389 1122 1277 1232 1431 1274 1138 1543 1250 1238 1295 1431 1269 1272 1410 1414 1345 1375 1414 1113 1319 1218 1232 1266 1099 1204 1315 1252 1328 1449 1277 1187 1043 1167 1256 1506 1215 1282 1441 1306 1144 1232 1111 1166 1422 1362 1190 1430 1339 1434
1029 1215 1030 1099 1214 1137 1247 1042 847 1001 1091 1152 1175 1193 992 1013 1059 1163 1259 1201 1101 1303 1275 1068 1086 1408 1026 1136 1029 1222 1191 1259 1218 1085 1251 1014 1209 1069 1112 1158 1173 1117 1091 1258 1330 999 1017 1019 1104 1339 1174 1187 1120 1155 1075 1033 1089 944 1159 1213 1036 1205 1266 1206
1114 1274 1256 1249 1393 1259 1311 1317 939 1177 1273 1216 1294 1226 1222 1185 1320 1195 1427 1367 1130 1566 1259 1219 1390 1550 1197 1268 1317 1464 1410 1461 1394 1164 1297 1214 1368 1227 1057 1111 1325 1270 1265 1430 1285 1252 1237 1064 1242 1498 1288 1219 1268 1299 1222 1269 1151 1039 1452 1432 1177 1359 1384 1292
1127 1317 983 1182 1240 1211 1337 1214 946 1167 1223 1215 1263 1158 1218 1138 1131 1289 1482 1217 1224 1477 1343 1173 1217 1568 1096 1270 1241 1465 1247 1308 1274 1083 1392 1159 1289 1118 1194 1131 1287 1304 1272 1382 1313 1157 1135 1098 1270 1422 1350 1250 1227 1382 1187 1182 1192 1005 1270 1281 1177 1288 1288 1319
1451 1457 1488 1556 1414 1447 1671 1547 1046 1435 1270 1557 1532 1466 1583 1345 1436 1361 1735 1352 1426 1744 1605 1457 1458 1740 1396 1337 1597 1691 1611 1537 1686 1232 1493 1365 1374 1398 1154 1566 1549 1512 1596 1645 1529 1347 1276 1167 1360 1708 1647 1494 1460 1405 1338 1310 1370 1480 1500 1491 1408 1521 1474 1656
1266 1321 1239 1434 1438 1369 1503 1256 1079 1320 1437 1383 1581 1488 1360 1178 1404 1274 1558 1406 1400 1532 1439 1417 1474 1599 1223 1457 1337 1419 1466 1528 1465 1236 1482 1257 1376 1271 1283 1310 1457 1363 1438 1603 1453 1324 1344 1316 1330 1521 1518 1453 1503 1444 1286 1336 1212 1235 1546 1360 1270 1517 1543 1436
1244 1381 1087 1137 1269 1281 1303 1224 899 1239 1167 1221 1371 1118 1219 1079 1342 1286 1426 1259 1158 1475 1381 1178 1340 1451 1121 1188 1264 1480 1288 1308 1437 1142 1281 973 1231 1051 1225 1240 1311 1379 1290 1295 1251 1154 1151 1133 1241 1423 1281 1334 1261 1360 1167 1141 1110 1079 1282 1283 1152 1392 1280 1188
1302 1454 1275 1308 1598 1501 1488 1324 1108 1293 1517 1618 1567 1390 1418 1249 1340 1401 1590 1382 1364 1511 1526 1304 1321 1597 1309 1312 1474 1503 1581 1593 1484 1134 1461 1143 1377 1535 1281 1216 1470 1480 1548 1589 1586 1293 1282 1302 1374 1629 1423 1482 1474 1421 1366 1367 1242 1230 1557 1513 1287 1574 1631 1491
1295 1217 1079 1249 1288 1377 1408 1193 995 1245 1345 1309 1538 1218 1253 1061 1277 1213 1370 1368 1268 1457 1374 1283 1305 1445 1162 1217 1271 1354 1376 1302 1341 1157 1314 1067 1345 1186 1085 1145 1300 1211 1334 1280 1266 1160 1232 1160 1123 1389 1245 1466 1296 1272 1158 1171 1100 1078 1333 1288 1226 1434 1237 1288
1281 1234 993 1275 1381 1257 1474 1163 999 1247 1297 1382 1479 1241 1310 1189 1193 1277 1500 1242 1266 1488 1347 1318 1230 1528 1240 1333 1382 1361 1386 1393 1434 1083 1332 1174 1302 1217 1197 1172 1305 1287 1407 1474 1400 1169 1076 1166 1229 1389 1302 1382 1293 1373 1128 1324 1129 1166 1405 1334 1192 1560 1329 1434
1349 1471 1319 1399 1439 1395 1488 1398 1024 1215 1367 1410 1509 1329 1347 1224 1346 1283 1588 1433 1319 1652 1582 1372 1506 1650 1261 1483 1461 1642 1440 1506 1444 1339 1416 1097 1447 1250 1224 1334 1344 1450 1467 1527 1420 1382 1306 1339 1133 1510 1350 1434 1320 1345 1276 1248 1195 1253 1437 1353 1073 1456 1482 1466
1413 1503 1425 1421 1458 1386 1514 1417 1066 1434 1350 1452 1444 1439 1291 1370 1347 1449 1695 1482 1318 1695 1560 1414 1487 1795 1384 1431 1503 1641 1476 1431 1594 1268 1531 1356 1559 1257 1282 1504 1477 1415 1505 1510 1474 1216 1344 1250 1360 1673 1554 1468 1385 1489 1439 1297 1315 1313 1374 1484 1354 1526 1597 1454
1315 1387 1348 1242 1482 1440 1369 1409 884 1386 1333 1231 1416 1416 1403 1347 1398 1185 1532 1317 1119 1607 1410 1220 1325 1458 1360 1267 1403 1585 1526 1651 1437 1201 1295 1229 1296 1335 1174 1356 1494 1458 1386 1486 1385 1139 1212 1131 1205 1471 1445 1285 1324 1414 1371 1247 1233 1246 1357 1297 1260 1449 1558 1363
1240 1366 1360 1260 1489 1255 1509 1427 1042 1307 1298 1303 1493 1334 1219 1242 1410 1293 1520 1295 1130 1553 1388 1232 1525 1550 1375 1257 1500 1532 1464 1621 1495 1314 1414 1256 1498 1346 1126 1310 1440 1285 1359 1553 1419 1215 1281 1221 1296 1544 1374 1354 1300 1396 1206 1425 1227 1165 1506 1345 1213 1497 1467 1389
1256 1357 1276 1202 1311 1238 1307 1321 934 1371 1387 1257 1368 1264 1246 1201 1242 1289 1442 1297 1105 1491 1347 1200 1443 1477 1271 1267 1297 1397 1468 1376 1394 1210 1313 1253 1372 1321 1231 1331 1432 1393 1442 1543 1269 1251 1279 1173 1214 1395 1415 1288 1349 1352 1328 1186 1088 1251 1363 1311 1174 1310 1441 1333
1302 1376 1246 1313 1279 1316 1440 1308 1058 1332 1269 1369 1445 1380 1219 1094 1208 1274 1516 1272 1325 1620 1251 1253 1377 1554 1254 1204 1328 1463 1343 1405 1457 1126 1414 1258 1352 1282 1213 1311 1350 1243 1352 1474 1270 1188 1251 1156 1210 1594 1364 1396 1426 1300 1243 1317 1208 1181 1484 1370 1226 1433 1506 1293
1506 1402 1302 1433 1502 1519 1478 1364 1126 1395 1399 1504 1558 1508 1512 1302 1454 1467 1644 1493 1288 1601 1607 1435 1612 1701 1371 1431 1441 1600 1630 1553 1689 1279 1438 1225 1404 1286 1314 1382 1633 1589 1542 1507 1458 1354 1248 1285 1260 1563 1432 1524 1444 1522 1329 1310 1192 1308 1518 1414 1373 1562 1469 1549
1054 1191 992 1151 1187 1205 1264 1105 812 1140 1105 1157 1208 1098 1071 1094 1104 1093 1289 1021 1076 1242 1177 1179 1151 1310 1087 1085 1311 1200 1093 1238 1311 979 1245 1037 1181 1043 1057 1002 1267 1068 1123 1288 1205 993 906 961 1097 1122 1257 1129 1081 1278 1125 1081 993 988 1264 1118 1075 1351 1207 1234
1252 1365 1308 1325 1343 1188 1437 1320 922 1313 1199 1312 1521 1315 1200 1206 1283 1364 1415 1277 1198 1372 1414 1327 1417 1567 1288 1204 1328 1464 1391 1502 1464 1231 1347 1040 1394 1242 1158 1345 1411 1449 1475 1572 1338 1359 1256 1213 1200 1474 1563 1319 1323 1200 1239 1357 1173 1218 1497 1375 1282 1399 1427 1456
1503 1564 1546 1413 1530 1509 1669 1364 1072 1518 1397 1475 1539 1486 1324 1394 1442 1340 1685 1403 1348 1880 1678 1492 1553 1634 1424 1337 1687 1700 1491 1603 1560 1295 1516 1330 1576 1331 1375 1474 1540 1556 1533 1653 1553 1361 1414 1289 1307 1447 1726 1525 1500 1576 1496 1358 1304 1348 1473 1375 1304 1585 1613 1673
1363 1358 1386 1394 1484 1427 1414 1283 1162 1371 1471 1558 1540 1396 1320 1317 1430 1401 1663 1496 1201 1645 1440 1233 1405 1706 1336 1328 1429 1537 1666 1494 1488 1119 1390 1141 1449 1531 1345 1359 1454 1364 1520 1610 1457 1282 1253 1270 1250 1598 1423 1458 1385 1337 1419 1370 1272 1281 1419 1522 1220 1598 1545 1373
1168 1176 1207 1246 1301 1252 1275 1271 796 1197 1242 1214 1298 1169 1237 1217 1158 1097 1396 1280 1077 1402 1245 1240 1299 1395 1218 1234 1304 1297 1342 1303 1200 1118 1272 1020 1152 1250 1106 1201 1270 1265 1231 1407 1329 1203 1186 1054 1120 1360 1295 1159 1186 1185 1112 1145 1108 1102 1281 1226 1061 1370 1316 1300
1277 1355 1227 1290 1508 1210 1434 1267 883 1374 1209 1211 1346 1319 1262 1144 1269 1232 1461 1165 1177 1509 1327 1325 1396 1506 1275 1356 1300 1500 1421 1494 1325 1226 1301 1127 1336 1212 1166 1308 1379 1399 1341 1479 1355 1145 1201 1142 1232 1492 1403 1322 1399 1324 1223 1248 1140 1228 1486 1264 1278 1375 1455 1442
1211 1158 1312 1294 1256 1282 1280 1170 905 1242 1166 1192 1163 1376 1264 1202 1271 1197 1399 1237 1081 1388 1342 1216 1428 1464 1193 1139 1329 1425 1227 1442 1377 1113 1314 1199 1316 1113 1074 1230 1238 1358 1144 1463 1332 1155 1167 1106 1167 1442 1287 1285 1182 1242 1100 1072 1094 988 1349 1185 1142 1316 1194 1216
1345 1484 1256 1309 1536 1350 1323 1404 1003 1424 1342 1354 1411 1258 1288 1244 1389 1368 1540 1322 1230 1695 1521 1267 1433 1526 1317 1356 1452 1585 1448 1505 1366 1245 1330 1232 1465 1258 1295 1374 1479 1323 1336 1529 1431 1194 1372 1183 1244 1568 1401 1304 1483 1380 1383 1325 1283 1139 1568 1449 1270 1397 1500 1439
1223 1489 1275 1306 1409 1401 1409 1214 980 1236 1452 1424 1413 1359 1238 1321 1249 1421 1494 1353 1243 1484 1472 1349 1353 1656 1189 1227 1209 1534 1526 1507 1350 1271 1398 1174 1461 1342 1268 1281 1322 1443 1411 1444 1469 1159 1241 1233 1255 1541 1399 1420 1346 1367 1268 1247 1194 1136 1223 1312 1233 1353 1497 1354
1287 1339 1136 1303 1351 1316 1336 1375 1010 1218 1284 1370 1479 1243 1305 1159 1255 1411 1572 1413 1298 1593 1450 1316 1350 1503 1148 1353 1395 1581 1377 1348 1392 1178 1376 1168 1423 1092 1152 1407 1383 1321 1497 1398 1359 1129 1231 1300 1229 1551 1285 1459 1389 1359 1216 1126 1246 1149 1457 1362 1268 1401 1346 1331
1162 1336 1307 1168 1258 1436 1443 1319 902 1229 1224 1255 1370 1219 1164 1134 1294 1268 1325 1202 1278 1450 1341 1301 1247 1455 1184 1131 1338 1431 1316 1361 1317 1146 1325 1098 1326 1269 1011 1253 1241 1252 1273 1269 1226 1166 1140 987 1185 1423 1361 1361 1352 1227 1072 1167 1144 1208 1189 1235 1277 1316 1387 1241
1202 1334 1245 1309 1348 1337 1421 1220 1067 1225 1324 1374 1518 1431 1182 1226 1300 1301 1385 1349 1235 1542 1494 1302 1448 1574 1271 1311 1283 1440 1399 1484 1421 1268 1317 1136 1418 1221 1357 1299 1423 1403 1357 1536 1508 1303 1252 1226 1220 1479 1363 1359 1431 1368 1173 1318 1128 1146 1392 1296 1233 1456 1472 1452
1185 1239 1168 1230 1210 1220 1330 1306 987 1255 1254 1383 1263 1263 1285 1286 1181 1246 1469 1267 1239 1521 1322 1253 1292 1495 1248 1280 1313 1376 1219 1365 1477 1134 1500 1239 1321 1106 1172 1261 1282 1230 1367 1431 1299 1110 1112 1281 1125 1422 1243 1356 1267 1341 1207 1195 1066 1134 1467 1384 1169 1550 1403 1310
1321 1380 1218 1342 1555 1323 1553 1396 1032 1564 1197 1345 1399 1414 1290 1325 1391 1316 1669 1399 1232 1652 1463 1326 1396 1587 1351 1441 1397 1620 1536 1565 1584 1346 1423 1230 1462 1284 1262 1412 1434 1502 1415 1610 1555 1309 1398 1292 1383 1600 1453 1406 1433 1543 1438 1427 1238 1134 1539 1355 1266 1522 1527 1465
1393 1278 1183 1366 1291 1294 1294 1302 1011 1264 1252 1313 1481 1268 1374 1176 1320 1412 1645 1274 1285 1514 1383 1181 1428 1648 1245 1330 1362 1558 1426 1437 1484 1136 1336 1072 1343 1271 1206 1334 1333 1407 1423 1497 1340 1220 1182 1207 1230 1468 1349 1402 1353 1215 1154 1165 1301 1256 1367 1427 1184 1425 1376 1350
1300 1329 1397 1357 1481 1333 1365 1420 972 1291 1330 1462 1461 1360 1430 1272 1327 1347 1617 1459 1233 1701 1487 1294 1368 1593 1460 1414 1499 1501 1421 1500 1575 1293 1414 1313 1425 1400 1162 1263 1464 1429 1440 1547 1519 1293 1233 1257 1353 1582 1353 1274 1352 1407 1228 1269 1281 1267 1448 1551 1226 1466 1529 1398
1147 1220 1212 1295 1285 1225 1271 1300 936 1343 1130 1260 1245 1339 1255 1220 1222 1183 1429 1224 1030 1449 1321 1270 1363 1416 1305 1231 1411 1478 1358 1359 1475 1111 1190 1209 1309 1131 1060 1267 1254 1404 1344 1430 1383 1157 1195 1149 1151 1436 1291 1242 1347 1387 1185 1183 1044 1113 1334 1244 1111 1368 1401 1297
1195 1281 1182 1229 1360 1301 1374 1246 1007 1231 1404 1216 1391 1194 1369 1305 1297 1293 1603 1209 1240 1504 1389 1122 1259 1558 1247 1325 1300 1436 1414 1404 1246 1092 1325 1077 1332 1280 1215 1223 1332 1326 1338 1580 1381 1215 1269 1103 1292 1438 1428 1399 1326 1323 1199 1239 1262 1185 1324 1277 1279 1376 1394 1364
1297 1382 1177 1375 1463 1344 1321 1292 899 1311 1264 1332 1403 1330 1323 1246 1243 1303 1533 1335 1267 1429 1429 1277 1409 1642 1227 1395 1348 1563 1524 1484 1436 1159 1438 1166 1335 1248 1200 1268 1450 1447 1400 1562 1506 1305 1344 1196 1306 1520 1488 1366 1424 1398 1321 1214 1319 1128 1576 1395 1224 1445 1572 1484
1247 1219 1114 1179 1228 1359 1324 1264 997 1306 1246 1251 1359 1322 1485 1118 1316 1227 1489 1360 1266 1406 1377 1213 1400 1436 1224 1213 1304 1415 1455 1460 1342 1052 1233 1125 1193 1113 1139 1212 1233 1312 1251 1342 1392 1098 1209 1156 1186 1374 1166 1263 1359 1246 1134 1171 1066 1106 1443 1277 1187 1417 1398 1399
1442 1418 1198 1327 1506 1427 1549 1440 966 1365 1380 1411 1549 1301 1472 1314 1486 1414 1572 1275 1340 1666 1537 1304 1468 1647 1260 1247 1503 1615 1431 1497 1491 1258 1414 1243 1398 1310 1235 1303 1527 1428 1380 1532 1428 1262 1230 1261 1353 1554 1499 1586 1417 1521 1320 1390 1275 1198 1400 1291 1290 1422 1491 1482
1125 1322 1165 1286 1458 1242 1387 1321 1039 1162 1275 1287 1519 1285 1224 1208 1271 1253 1462 1385 1223 1491 1329 1347 1287 1494 1185 1315 1392 1348 1455 1420 1334 1118 1290 1147 1357 1236 1098 1264 1303 1357 1478 1400 1361 1226 1304 1124 1267 1492 1499 1266 1284 1285 1189 1329 1168 1269 1463 1284 1333 1334 1322 1321
1245 1333 1124 1342 1459 1308 1392 1236 1088 1259 1285 1385 1419 1385 1188 1207 1213 1225 1542 1315 1226 1455 1415 1292 1243 1598 1239 1352 1224 1394 1431 1417 1390 1232 1410 1151 1304 1340 1224 1341 1393 1430 1382 1489 1522 1242 1247 1171 1191 1559 1408 1268 1444 1409 1313 1162 1219 1136 1358 1242 1278 1455 1433 1339
1091 1311 1044 1026 1159 1071 1175 1086 824 1052 1090 1052 1151 975 1063 985 1101 1176 1392 1107 1019 1366 1144 1179 1090 1261 1019 1178 1166 1266 1070 1180 1033 946 1141 939 1159 1054 1123 1011 1181 1189 1127 1180 1054 1012 1104 943 1165 1253 1195 1159 1170 1117 1072 984 1000 1042 1194 1124 1128 1120 1277 1137
1418 1443 1330 1285 1493 1271 1353 1430 1075 1431 1360 1385 1524 1424 1347 1289 1461 1529 1521 1303 1271 1681 1539 1355 1470 1658 1365 1273 1476 1572 1361 1530 1498 1291 1444 1322 1471 1341 1310 1286 1449 1477 1435 1478 1337 1244 1200 1335 1355 1627 1482 1245 1471 1376 1374 1377 1289 1204 1548 1348 1474 1444 1441 1444
1144 1161 1091 1302 1319 1208 1344 1138 876 1091 1056 1260 1295 1252 1213 1078 1153 1157 1362 1183 1112 1311 1262 1143 1111 1330 1172 1087 1361 1244 1271 1330 1293 1049 1247 1013 1071 1179 1033 1081 1219 1200 1157 1329 1358 1167 953 969 1148 1342 1326 1096 1178 1141 1019 1186 1004 1076 1216 1140 1117 1358 1147 1359
1271 1156 1153 1247 1259 1286 1204 1217 904 1293 1151 1353 1265 1227 1259 1113 1224 1121 1463 1296 1175 1531 1253 1230 1274 1433 1307 1216 1335 1395 1254 1284 1325 1086 1253 1041 1207 1141 1191 1216 1284 1200 1204 1350 1238 1093 1045 1133 1028 1406 1202 1290 1254 1167 1090 1067 1127 1141 1383 1391 1174 1436 1285 1259
1242 1323 1120 1169 1268 1168 1402 1301 933 1264 1218 1188 1294 1293 1240 1040 1197 1343 1348 1075 1246 1526 1368 1176 1225 1473 1213 1247 1201 1429 1267 1360 1369 1132 1306 1080 1341 1114 1138 1226 1302 1251 1383 1354 1313 1032 1101 1138 1154 1467 1296 1306 1397 1288 1217 1217 1210 1125 1294 1331 1219 1256 1438 1350
1343 1397 1230 1287 1309 1381 1462 1437 961 1287 1294 1437 1543 1309 1451 1192 1425 1443 1539 1229 1311 1623 1422 1319 1384 1536 1277 1183 1528 1540 1230 1539 1548 1206 1361 1111 1359 1268 1181 1279 1364 1327 1322 1404 1342 1254 1087 1297 1304 1621 1265 1529 1456 1267 1168 1354 1170 1188 1381 1366 1276 1444 1484 1386
1153 1357 1131 1228 1355 1307 1297 1316 985 1281 1253 1280 1389 1204 1300 1208 1307 1342 1410 1215 1171 1557 1424 1249 1241 1427 1269 1301 1405 1455 1413 1321 1433 1213 1365 1146 1279 1239 1324 1150 1281 1309 1346 1338 1387 1154 1132 1209 1323 1398 1353 1235 1300 1347 1218 1258 1235 1134 1422 1245 1231 1496 1343 1387
1249 1202 1026 1195 1253 1261 1250 1263 909 1146 1176 1171 1416 1310 1220 1001 1184 1154 1394 1202 1214 1402 1197 1142 1336 1384 1116 1191 1265 1355 1163 1384 1280 1102 1179 1040 1202 1131 1046 1123 1298 1247 1161 1220 1241 1096 1044 1130 1075 1295 1169 1196 1266 1222 1060 1096 1000 1085 1161 1059 1127 1223 1310 1156
1209 1261 1145 1347 1415 1266 1342 1281 922 1291 1203 1262 1483 1347 1242 1264 1241 1276 1441 1386 1112 1448 1395 1354 1347 1583 1286 1417 1387 1434 1435 1281 1442 1111 1194 1231 1409 1181 1115 1360 1409 1374 1427 1437 1434 1229 1261 1204 1276 1506 1350 1271 1322 1438 1332 1281 1094 1193 1456 1265 1241 1319 1473 1346
1097 1291 1115 1189 1265 1383 1363 1266 1004 1307 1269 1300 1524 1287 1208 1089 1247 1231 1385 1320 1209 1370 1226 1222 1245 1416 1270 1279 1293 1295 1444 1359 1348 1111 1235 1116 1320 1288 1165 1241 1293 1196 1279 1436 1363 1194 1170 1125 1285 1365 1359 1368 1267 1266 1207 1313 1134 1196 1323 1276 1212 1401 1491 1293
1475 1361 1411 1390 1488 1488 1558 1501 1023 1371 1347 1475 1552 1463 1583 1342 1408 1344 1696 1418 1326 1739 1592 1385 1407 1691 1437 1518 1634 1595 1521 1530 1574 1217 1458 1191 1360 1382 1241 1455 1434 1488 1574 1521 1506 1337 1332 1270 1366 1690 1525 1499 1545 1382 1335 1357 1284 1368 1519 1400 1405 1616 1599 1556
1269 1531 1330 1433 1324 1359 1466 1440 1093 1419 1442 1318 1569 1365 1415 1465 1408 1434 1600 1480 1220 1665 1533 1377 1617 1625 1410 1499 1469 1563 1573 1464 1576 1306 1474 1306 1548 1200 1462 1484 1498 1454 1481 1627 1556 1377 1481 1347 1436 1518 1615 1379 1387 1581 1399 1409 1174 1245 1494 1429 1288 1595 1507 1487
1468 1463 1247 1335 1497 1400 1527 1434 1038 1408 1326 1483 1528 1472 1289 1188 1341 1423 1556 1423 1367 1683 1589 1413 1519 1625 1262 1353 1441 1611 1418 1530 1516 1349 1416 1233 1524 1367 1329 1312 1519 1494 1439 1539 1557 1295 1328 1327 1301 1558 1419 1570 1297 1409 1277 1394 1367 1042 1527 1428 1218 1536 1472 1457
1080 1028 956 1069 1170 1074 1180 1073 844 1079 1022 1140 1169 1087 1105 909 1118 960 1246 1118 1111 1274 1029 934 1225 1214 945 987 1159 1216 1162 1202 1259 934 1052 928 1093 946 1007 1063 1123 1166 1168 1170 1140 935 884 986 970 1054 1153 984 951 1061 989 1118 835 948 1127 1062 879 1257 1106 1049
1383 1360 1270 1362 1530 1496 1727 1387 1113 1488 1471 1515 1636 1466 1483 1433 1428 1267 1684 1336 1367 1670 1582 1347 1442 1679 1344 1273 1486 1618 1608 1555 1581 1248 1436 1260 1497 1424 1164 1435 1527 1498 1565 1622 1612 1212 1314 1345 1294 1668 1447 1616 1507 1517 1306 1442 1217 1404 1515 1426 1380 1538 1471 1587
1399 1393 1426 1404 1476 1490 1549 1398 1116 1417 1459 1471 1615 1575 1390 1452 1369 1384 1612 1473 1237 1656 1515 1496 1491 1658 1426 1435 1621 1554 1434 1573 1588 1323 1653 1354 1460 1401 1263 1310 1472 1416 1444 1560 1586 1310 1329 1335 1322 1716 1411 1475 1455 1480 1342 1444 1291 1230 1524 1387 1363 1695 1467 1573
1078 1102 1069 1224 1270 1323 1373 1186 983 1085 1317 1174 1273 1135 1120 1168 1146 1182 1347 1222 1147 1315 1350 1099 1136 1370 1083 1207 1221 1224 1229 1198 1245 964 1314 941 1192 1078 984 1019 1214 1044 1213 1418 1231 1233 1106 1045 1121 1333 1187 1272 1219 1288 1191 1123 1039 1041 1302 1303 1159 1256 1252 1267
1136 1326 1124 1311 1430 1339 1299 1384 1039 1273 1396 1412 1551 1260 1276 1288 1255 1379 1508 1369 1298 1496 1380 1305 1361 1499 1268 1306 1266 1484 1422 1523 1337 1228 1345 1122 1387 1309 1216 1274 1506 1243 1337 1480 1343 1231 1273 1322 1267 1418 1385 1419 1281 1390 1285 1283 1169 1126 1446 1358 1312 1347 1464 1308
1114 1036 972 980 1135 983 1097 1018 738 1035 907 1196 1199 989 904 1070 1006 970 1209 1074 977 1187 1101 1040 1091 1213 936 966 1125 1270 988 1177 1192 969 1126 894 1110 962 879 940 1076 1091 1057 1114 975 910 966 1007 862 1158 1006 1021 889 1064 1055 999 890 812 1151 1035 904 1208 1089 1063
942 1097 876 1087 1069 992 1205 1079 755 1012 1001 1114 1237 1006 1104 1069 1007 1058 1271 1060 1073 1250 1189 1165 1074 1331 1021 1076 1054 1232 1204 1190 1102 1073 1124 1076 1092 1082 1034 1106 1143 1106 1024 1360 1195 1019 1135 1009 1111 1240 1287 1228 1156 1186 987 1006 1038 887 1187 1115 996 1113 1121 1285
1177 1160 1138 1130 1214 1274 1320 1345 972 1385 1261 1226 1310 1177 1115 1275 1217 1151 1419 1263 1189 1523 1340 1198 1272 1440 1215 1276 1256 1345 1192 1241 1401 1157 1367 1134 1355 1130 1070 1283 1358 1157 1204 1355 1270 1193 1106 1233 1110 1437 1154 1336 1345 1319 1142 1122 1100 1130 1317 1272 1150 1424 1359 1261
1260 1199 1148 1288 1220 1273 1445 1278 968 1276 1207 1284 1379 1397 1234 1211 1194 1146 1596 1298 1245 1450 1388 1318 1247 1526 1196 1309 1308 1293 1363 1478 1313 1027 1377 1165 1277 1182 1136 1341 1376 1258 1434 1515 1367 1168 1266 1162 1190 1431 1465 1418 1356 1285 1230 1201 1223 1194 1450 1321 1246 1399 1408 1418
1157 1302 1117 1183 1391 1260 1420 1143 1020 1188 1224 1194 1410 1277 1095 1116 1188 1317 1352 1129 1111 1438 1284 1153 1221 1497 1183 1142 1383 1352 1414 1322 1385 1047 1281 1270 1302 1157 1096 1235 1295 1189 1282 1437 1286 1103 1017 986 1278 1403 1494 1201 1362 1359 1275 1280 1126 1168 1279 1197 1285 1322 1297 1403
