1778 1556 1602 1308 1305 1432 1432 1652 1475 1668 1500 1504 1676 1691 1478 1652 1714 1752 1705 1643 1393 1465 1361 1650 1703 1684 1554 1463 1639 1524 1391 1337 1437 1433 1547 1514 1558 1398 1606 1373 1488 1575 1617 1339 1587 1750 1567 1465 1638 1737 1638 1518 1405 1377 1544 1628 1503 1526 1462 1620 1290 1756 1581 1563
1694 1522 1565 1284 1264 1297 1320 1512 1352 1664 1392 1371 1561 1552 1380 1468 1765 1668 1521 1543 1405 1459 1121 1566 1512 1648 1552 1512 1565 1313 1368 1157 1327 1311 1559 1414 1502 1328 1482 1194 1500 1531 1448 1322 1380 1693 1343 1372 1375 1544 1679 1309 1261 1341 1375 1509 1499 1416 1373 1492 1235 1690 1568 1240
1215 1129 1140 1031 979 1008 1066 1192 1035 1182 1046 1165 1101 1252 1181 1193 1330 1259 1246 1139 1037 1040 939 1096 1099 1239 1072 1225 1164 1177 1021 964 960 1060 1100 1050 1140 1026 1039 1037 1206 1232 1167 934 1199 1199 1181 1165 1090 1239 1225 1037 946 918 1209 1133 1177 1019 1019 1209 942 1180 1107 1036
1388 1255 1273 1121 1031 1078 1117 1300 1064 1372 1134 1230 1250 1319 1185 1246 1414 1274 1360 1311 988 1103 1054 1179 1168 1444 1131 1126 1108 1233 1204 965 1029 1118 1241 1152 1082 1192 1273 1010 1175 1289 1167 1055 1303 1280 1172 1197 1243 1301 1285 1036 1049 1076 1238 1277 1116 1252 1116 1377 1023 1374 1283 1123
1721 1547 1509 1394 1282 1402 1418 1691 1443 1642 1417 1494 1581 1600 1536 1609 1762 1817 1726 1740 1436 1460 1378 1623 1598 1698 1661 1608 1624 1502 1548 1334 1402 1457 1579 1587 1596 1499 1474 1312 1500 1645 1536 1160 1671 1711 1421 1624 1599 1796 1505 1407 1338 1394 1654 1616 1479 1529 1309 1644 1309 1786 1703 1460
1314 1390 1407 1047 975 1154 1234 1303 1275 1420 1175 1357 1344 1206 1178 1492 1558 1498 1448 1348 1125 1114 1100 1343 1324 1336 1484 1334 1368 1255 1178 1053 1199 1204 1275 1393 1308 1274 1282 1417 1192 1444 1131 1098 1310 1573 1483 1307 1389 1341 1387 1338 1224 1186 1272 1388 1149 1200 1409 1366 967 1577 1371 1193
1468 1231 1283 1086 947 1006 1056 1302 1267 1482 1182 1356 1228 1108 1112 1357 1477 1343 1281 1264 1088 1123 996 1262 1288 1478 1322 1243 1217 1158 1234 921 1166 1166 1255 1153 1268 1278 1199 1093 1139 1290 1152 1039 1293 1453 1199 1189 1347 1273 1217 1067 1221 1227 1125 1312 1098 1280 1149 1363 1018 1339 1343 1154
1290 1269 1331 1062 1031 1250 1121 1231 1258 1317 1144 1284 1287 1330 1269 1350 1434 1449 1390 1298 1122 1030 1061 1311 1224 1400 1395 1375 1233 1245 1124 939 1067 1127 1201 1381 1212 1127 1116 1062 1254 1327 1155 1003 1212 1335 1313 1154 1187 1317 1281 1233 1158 1121 1264 1349 1191 1210 1162 1338 1007 1423 1222 1165
1613 1564 1575 1265 1214 1276 1357 1540 1214 1522 1384 1490 1573 1575 1452 1638 1764 1633 1595 1470 1189 1337 1221 1439 1424 1584 1487 1439 1490 1482 1210 1212 1403 1365 1370 1442 1460 1479 1529 1380 1464 1549 1408 1302 1490 1609 1445 1511 1437 1579 1487 1326 1237 1297 1585 1554 1344 1255 1319 1468 1157 1669 1601 1357
1362 1277 1268 1234 1092 1257 1204 1334 1219 1388 1205 1135 1298 1350 1237 1286 1555 1523 1402 1282 960 1234 1032 1262 1364 1357 1309 1224 1391 1284 1084 1039 1192 1106 1358 1225 1191 1118 1409 1144 1237 1241 1232 1072 1200 1517 1407 1252 1339 1318 1310 1197 1097 1090 1222 1380 1150 1230 1202 1332 1071 1378 1239 1190
1271 1427 1271 1204 1015 1292 1116 1472 1297 1350 1161 1316 1255 1108 1331 1352 1492 1437 1420 1262 1212 1292 1077 1279 1415 1321 1261 1200 1430 1262 1187 962 1118 1235 1325 1276 1287 1235 1273 1151 1186 1309 1232 1090 1303 1459 1346 1194 1322 1311 1437 1251 1133 1250 1291 1186 1191 1223 1199 1342 1042 1369 1212 976
1404 1397 1341 1214 1043 1137 1109 1431 1399 1392 1283 1464 1231 1414 1336 1360 1461 1482 1596 1317 1177 1114 1179 1409 1453 1538 1415 1394 1312 1399 1203 884 1320 1354 1252 1401 1313 1543 1343 1212 1364 1330 1228 1112 1315 1426 1492 1277 1395 1410 1302 1272 1333 1212 1357 1378 1308 1327 1259 1368 991 1490 1336 1268
1691 1641 1698 1510 1321 1298 1530 1722 1504 1789 1499 1529 1528 1536 1539 1558 1780 1635 1649 1669 1358 1419 1339 1521 1595 1752 1707 1594 1520 1523 1464 1191 1312 1571 1494 1606 1549 1635 1533 1320 1491 1602 1407 1316 1602 1672 1541 1568 1660 1523 1676 1419 1416 1392 1552 1600 1358 1472 1493 1454 1338 1700 1553 1428
1487 1519 1592 1185 1144 1346 1250 1528 1242 1542 1323 1346 1414 1420 1291 1359 1633 1455 1369 1484 1222 1219 1114 1361 1403 1398 1503 1459 1305 1266 1132 1024 1271 1183 1376 1398 1304 1337 1397 1259 1381 1332 1192 1108 1307 1573 1380 1333 1420 1402 1292 1310 1222 1288 1253 1422 1234 1297 1309 1330 1098 1609 1419 1341
1471 1335 1335 1166 1106 1259 1264 1526 1343 1420 1237 1336 1408 1364 1387 1423 1672 1554 1489 1449 1184 1266 1111 1327 1339 1549 1422 1360 1447 1319 1278 1168 1386 1275 1390 1425 1292 1266 1393 1228 1303 1402 1450 1172 1380 1505 1293 1306 1349 1504 1280 1265 1180 1324 1328 1455 1280 1412 1207 1641 1176 1494 1415 1216
1380 1331 1394 1142 1108 1144 1170 1404 1270 1448 1119 1309 1303 1455 1233 1353 1532 1330 1391 1401 1160 1001 1094 1289 1360 1393 1306 1319 1362 1248 1132 1112 1202 1173 1202 1286 1215 1145 1255 1129 1258 1249 1370 1181 1372 1439 1344 1427 1208 1289 1294 1202 1184 1169 1232 1456 1265 1050 1184 1223 1038 1325 1319 1140
1512 1403 1494 1365 1174 1366 1344 1497 1323 1535 1407 1308 1429 1454 1391 1361 1658 1650 1372 1403 1218 1307 1213 1461 1409 1528 1470 1422 1462 1327 1249 1103 1263 1340 1557 1420 1357 1282 1512 1167 1497 1497 1225 1122 1348 1604 1362 1335 1406 1477 1523 1419 1240 1291 1373 1455 1349 1349 1329 1446 1224 1595 1419 1291
1339 1187 1185 1090 981 1153 1184 1340 1041 1182 1268 1221 1178 1283 1086 1293 1325 1422 1249 1209 1110 1071 1064 1181 1150 1382 1115 1105 1310 1172 1120 1052 1034 1208 1214 1083 1180 1048 1218 1081 1230 1317 1160 1022 1228 1392 1158 1190 1232 1330 1285 1225 1004 1074 1243 1180 1117 1133 1111 1335 949 1365 1184 1176
1671 1442 1445 1260 1153 1227 1234 1385 1376 1460 1377 1517 1389 1405 1298 1342 1567 1465 1545 1503 1262 1399 1190 1516 1538 1527 1438 1369 1498 1278 1266 1215 1363 1301 1283 1394 1323 1302 1386 1191 1340 1347 1475 1197 1372 1577 1416 1290 1380 1530 1406 1275 1282 1350 1385 1482 1395 1399 1281 1377 1159 1556 1328 1269
1603 1512 1530 1320 1147 1412 1369 1600 1361 1595 1573 1403 1415 1563 1399 1463 1793 1712 1574 1542 1383 1387 1273 1604 1585 1736 1634 1487 1636 1439 1413 1204 1406 1410 1447 1436 1530 1175 1563 1195 1435 1494 1439 1214 1419 1709 1442 1484 1480 1639 1595 1400 1284 1383 1469 1532 1424 1320 1332 1656 1245 1679 1591 1447
1493 1332 1432 1249 1030 1238 1136 1353 1292 1434 1290 1363 1431 1330 1240 1238 1428 1471 1365 1519 1170 1206 1110 1202 1334 1388 1333 1382 1446 1323 1313 1004 1062 1168 1407 1191 1369 1222 1162 1078 1392 1466 1282 1097 1324 1502 1278 1421 1284 1386 1277 1082 1129 1209 1347 1376 1313 1344 1174 1369 1114 1458 1339 1234
1615 1498 1470 1170 1132 1330 1374 1473 1267 1528 1346 1339 1388 1391 1378 1378 1605 1541 1405 1540 1368 1285 1242 1453 1581 1534 1541 1374 1468 1283 1266 1072 1273 1216 1382 1397 1327 1277 1421 1190 1329 1370 1359 1287 1411 1690 1314 1360 1495 1555 1580 1355 1191 1378 1235 1397 1197 1314 1219 1400 1164 1542 1411 1168
1448 1492 1584 1388 1331 1262 1337 1507 1436 1574 1350 1479 1600 1574 1325 1570 1758 1587 1523 1662 1369 1348 1217 1506 1475 1626 1530 1475 1475 1451 1419 1085 1225 1173 1446 1397 1534 1459 1380 1270 1419 1463 1386 1296 1465 1518 1506 1520 1310 1315 1527 1303 1363 1402 1514 1575 1373 1361 1310 1531 1130 1694 1512 1330
1334 1244 1293 1029 920 1065 1118 1416 1298 1363 1182 1274 1203 1250 1138 1157 1386 1317 1322 1308 1175 1102 1021 1198 1280 1220 1305 1351 1245 1139 1112 1030 1185 1188 1142 1220 1217 1254 1214 1041 1250 1246 1031 949 1351 1358 1181 1197 1332 1398 1152 1280 1102 1075 1169 1127 1179 1169 1105 1176 1041 1353 1372 1155
1367 1324 1279 1086 1048 1119 1219 1436 1105 1383 1300 1178 1402 1495 1164 1461 1407 1423 1290 1430 1163 1035 1080 1334 1287 1365 1283 1272 1300 1306 1157 1022 1233 1218 1200 1338 1294 1201 1331 1164 1376 1438 1119 1229 1295 1451 1236 1322 1375 1359 1394 1312 1155 1140 1251 1360 1118 1075 1195 1278 1104 1479 1280 1225
1548 1346 1417 1261 1102 1206 1298 1399 1283 1555 1198 1369 1356 1464 1325 1375 1607 1598 1510 1462 1155 1157 1117 1365 1427 1397 1394 1346 1353 1301 1252 1134 1166 1225 1343 1372 1228 1274 1406 1087 1392 1475 1253 1188 1559 1580 1339 1403 1417 1561 1384 1377 1126 1099 1382 1429 1231 1320 1287 1439 1078 1606 1409 1304
1346 1180 1305 1003 956 1090 1039 1276 1153 1268 1075 1239 1123 1070 1136 1199 1273 1313 1251 1116 1036 1029 1012 1098 1260 1266 1268 1050 1252 1034 1045 863 1022 1160 1143 1190 1159 1071 1092 1164 1144 1220 1110 866 1070 1317 1277 1080 1184 1316 1110 1213 1052 1140 1067 1138 1112 1125 963 1138 898 1204 1135 1000
1444 1440 1370 1278 1102 1171 1316 1426 1317 1580 1293 1266 1443 1440 1292 1423 1563 1513 1455 1481 1154 1188 1256 1380 1312 1489 1429 1436 1290 1378 1317 1099 1236 1394 1387 1438 1259 1252 1442 1161 1282 1520 1290 1072 1422 1511 1388 1393 1512 1445 1353 1273 1195 1207 1262 1528 1239 1423 1228 1429 1158 1465 1477 1392
1100 1157 1208 1062 934 1077 993 1256 1138 1290 1191 1055 1175 1240 1051 1135 1322 1238 1174 1195 1010 1055 861 1133 1164 1285 1077 1103 1204 1047 898 870 1106 1132 1054 1268 1102 1051 1164 933 1158 1218 1124 1048 1170 1161 1103 1034 1104 1169 1159 1130 1110 1080 1150 1123 1194 1102 1169 1237 964 1241 1120 979
1505 1380 1548 1271 1085 1304 1245 1409 1354 1511 1178 1440 1311 1231 1313 1419 1545 1426 1437 1418 1071 1143 1152 1279 1375 1369 1471 1331 1405 1317 1241 1085 1175 1240 1287 1332 1354 1255 1241 1217 1253 1370 1303 1068 1341 1506 1433 1351 1292 1371 1297 1252 1143 1208 1413 1420 1212 1261 1258 1457 1041 1496 1268 1182
1508 1488 1491 1315 1169 1235 1256 1510 1338 1452 1299 1339 1490 1434 1173 1354 1574 1488 1471 1512 1308 1353 1138 1388 1441 1644 1378 1354 1554 1263 1294 1071 1196 1266 1347 1312 1399 1277 1371 1279 1355 1497 1406 1185 1317 1513 1345 1359 1289 1413 1416 1235 1296 1311 1337 1492 1440 1331 1234 1407 1195 1534 1336 1272
1491 1286 1415 1087 1063 1188 1225 1440 1254 1418 1252 1347 1356 1306 1167 1431 1539 1499 1424 1437 1176 1150 1018 1272 1313 1447 1363 1280 1389 1233 1225 1199 1343 1253 1233 1356 1247 1270 1286 1286 1222 1433 1341 1107 1407 1432 1352 1319 1347 1395 1443 1217 1083 1308 1327 1360 1304 1226 1251 1464 1073 1485 1198 1154
1219 1251 1267 1139 1063 1097 1107 1351 1237 1270 1046 1261 1198 1246 1164 1220 1483 1345 1337 1347 1057 1169 1056 1251 1180 1366 1266 1221 1297 1148 1183 1089 1138 1168 1250 1284 1118 1135 1193 1104 1216 1241 1189 976 1235 1302 1237 1167 1120 1313 1193 1194 1032 1163 1334 1271 1162 1197 1122 1361 994 1431 1200 1106
1361 1273 1401 1071 1032 1159 1186 1339 1102 1296 1168 1174 1288 1279 1242 1267 1396 1491 1307 1204 1060 1105 1110 1171 1206 1407 1246 1273 1222 1162 1070 927 1155 1203 1226 1267 1181 1175 1270 1144 1258 1358 1143 985 1215 1310 1334 1226 1276 1350 1312 1272 1166 1128 1200 1320 1223 1197 1177 1216 1002 1323 1253 1102
1371 1246 1313 1177 1000 1180 1037 1315 1211 1324 1148 1229 1336 1216 1065 1202 1278 1390 1398 1324 1102 1130 986 1250 1245 1304 1177 1124 1191 1130 1192 1008 830 1133 1276 1247 1175 1201 1121 1021 1080 1259 1119 868 1280 1271 1205 1222 1236 1272 1194 1101 1189 1136 1294 1196 1229 1301 1047 1178 1059 1387 1303 1136
1509 1425 1506 1326 1259 1184 1316 1573 1209 1607 1326 1328 1448 1481 1317 1495 1653 1635 1330 1546 1212 1326 1201 1304 1374 1567 1465 1361 1522 1309 1124 1168 1382 1206 1376 1480 1415 1277 1313 1350 1441 1569 1277 1246 1370 1473 1352 1426 1290 1400 1423 1330 1178 1317 1421 1517 1414 1092 1236 1457 1221 1564 1451 1231
1385 1395 1511 1192 1089 1095 1248 1416 1217 1489 1284 1302 1432 1323 1241 1348 1480 1474 1464 1420 1144 1200 1148 1335 1201 1450 1334 1348 1356 1275 1213 1089 1140 1250 1375 1408 1266 1247 1297 1269 1319 1530 1130 1065 1292 1350 1315 1311 1317 1329 1233 1150 1248 1108 1435 1431 1400 1297 1186 1409 1058 1470 1433 1300
1323 1262 1330 1153 956 1159 1123 1389 1220 1413 1221 1208 1349 1371 1001 1289 1373 1459 1348 1421 1131 1138 1073 1250 1303 1368 1293 1286 1299 1217 1144 1112 1159 1042 1189 1263 1194 1110 1265 1038 1230 1242 1207 1072 1381 1297 1323 1307 1349 1244 1346 1143 1216 1084 1392 1282 1296 1073 1233 1293 1011 1372 1283 1242
1491 1675 1574 1202 1210 1327 1341 1535 1457 1558 1409 1441 1600 1448 1321 1474 1766 1629 1617 1584 1475 1441 1262 1498 1646 1626 1596 1602 1614 1370 1244 1063 1355 1268 1480 1510 1507 1349 1405 1398 1510 1525 1333 1233 1413 1689 1515 1469 1408 1452 1480 1306 1409 1416 1340 1655 1436 1369 1375 1364 1098 1699 1565 1316
1426 1265 1411 1116 1006 1110 1210 1277 1203 1426 1191 1437 1327 1279 1225 1312 1459 1438 1303 1338 1033 1125 1099 1260 1288 1286 1374 1312 1327 1278 1192 965 1128 1145 1243 1257 1313 1154 1272 1120 1292 1406 1123 1120 1387 1445 1388 1308 1254 1339 1246 1208 1233 1070 1299 1357 1326 1161 1238 1459 1001 1410 1362 1133
1247 1289 1268 1101 1020 1042 1117 1310 1186 1428 1058 1093 1323 1258 1133 1281 1399 1305 1326 1401 1109 1217 1039 1283 1399 1296 1287 1236 1328 1216 1052 880 1028 1068 1309 1166 1181 1195 1245 1115 1179 1317 1147 1094 1138 1415 1160 1162 1277 1173 1258 1065 1053 1075 1183 1190 1103 1163 1117 1127 995 1356 1271 1110
1542 1526 1506 1153 1146 1203 1276 1574 1256 1513 1198 1460 1379 1344 1302 1517 1636 1472 1572 1443 1254 1272 1053 1410 1461 1434 1436 1214 1517 1251 1195 1237 1205 1279 1437 1495 1276 1357 1385 1381 1177 1315 1318 1163 1468 1607 1305 1300 1468 1501 1464 1322 1151 1231 1380 1328 1250 1294 1266 1394 1124 1713 1494 1234
1341 1195 1203 1115 926 1065 1077 1279 1144 1299 1061 1142 1240 1134 1189 1230 1341 1303 1229 1328 1018 1069 952 1167 1075 1277 1275 1126 1249 1027 1075 992 1128 1092 1206 1236 1065 1040 1178 1079 1071 1217 1176 1111 1176 1329 1144 1172 1156 1281 1142 1087 1005 1104 1198 1330 1134 1091 1001 1211 1013 1285 1135 952
1231 1317 1159 1137 1013 1167 1038 1349 1064 1322 1180 1060 1195 1279 1187 1262 1437 1437 1341 1246 1070 1150 1012 1243 1278 1502 1296 1191 1275 1206 1011 911 1265 1177 1193 1361 1206 1191 1371 1071 1188 1251 1322 1005 1210 1318 1189 1116 1294 1391 1286 1161 1079 1130 1243 1218 1162 1208 1106 1355 979 1384 1144 1049
1516 1373 1526 1027 1146 1216 1282 1484 1311 1445 1321 1390 1474 1364 1357 1276 1526 1600 1435 1497 1266 1318 1178 1410 1391 1492 1569 1357 1445 1235 1239 1085 1328 1231 1271 1400 1475 1387 1382 1179 1457 1469 1355 1143 1377 1473 1409 1282 1418 1402 1327 1362 1311 1281 1257 1469 1428 1345 1326 1376 1116 1549 1299 1288
1490 1405 1387 1196 1122 1187 1339 1542 1460 1644 1421 1467 1302 1424 1437 1431 1723 1533 1537 1527 1358 1290 1130 1451 1461 1555 1459 1560 1407 1396 1243 1208 1396 1472 1350 1532 1433 1366 1344 1252 1358 1481 1454 1336 1428 1665 1406 1304 1458 1520 1488 1401 1274 1299 1329 1551 1346 1311 1503 1406 1182 1684 1400 1274
1507 1402 1457 1223 1150 1186 1181 1447 1313 1513 1222 1363 1404 1409 1356 1408 1603 1367 1560 1492 1217 1169 1041 1316 1444 1368 1351 1339 1377 1259 1316 1115 1121 1230 1415 1412 1276 1289 1348 1127 1176 1378 1320 1121 1463 1460 1339 1353 1339 1388 1327 1145 1126 1203 1320 1289 1354 1382 1141 1435 1136 1414 1470 1120
1571 1245 1341 1194 1025 1124 1239 1445 1076 1418 1374 1278 1289 1323 1396 1320 1474 1602 1328 1320 1041 1156 1155 1205 1310 1546 1301 1360 1334 1262 1228 1017 1237 1372 1413 1312 1313 1271 1219 1117 1325 1460 1162 1048 1232 1425 1256 1295 1296 1455 1321 1181 1091 1110 1322 1390 1215 1357 1189 1419 1111 1447 1416 1229
1522 1354 1452 1138 1078 1234 1231 1456 1222 1525 1423 1400 1342 1427 1182 1363 1649 1494 1418 1527 1346 1345 1228 1330 1423 1494 1335 1419 1450 1246 1334 1152 1345 1230 1451 1311 1385 1233 1291 1148 1386 1434 1282 1222 1419 1575 1278 1302 1327 1621 1340 1263 1142 1292 1407 1270 1371 1397 1319 1456 1171 1537 1555 1330
1382 1358 1345 1133 1029 1076 1212 1352 1229 1326 1069 1240 1209 1326 1258 1181 1392 1326 1357 1325 1072 1128 1217 1249 1285 1405 1265 1252 1278 1197 1153 1030 1244 1301 1199 1305 1047 1261 1404 1192 1377 1378 1251 1133 1365 1411 1270 1224 1374 1558 1315 1251 1049 1103 1339 1353 1192 1213 1148 1312 1014 1342 1245 1099
1493 1331 1380 1043 1026 1169 1090 1376 1207 1334 1124 1314 1306 1306 1142 1256 1417 1393 1295 1342 1082 1047 1175 1076 1435 1338 1333 1179 1249 1165 1046 1026 1215 1066 1208 1193 1224 1123 1273 1102 1296 1244 1244 1109 1276 1437 1268 1274 1273 1299 1259 1240 1066 1211 1092 1393 1124 1147 1066 1256 952 1375 1296 1193
1445 1314 1317 1195 1144 1119 1225 1436 1239 1410 1075 1257 1330 1395 1299 1435 1402 1534 1532 1285 1097 1165 1136 1280 1470 1401 1383 1143 1387 1322 1196 1003 1020 1212 1248 1342 1322 1244 1286 1126 1308 1398 1184 1140 1343 1424 1330 1376 1341 1340 1348 1217 1152 1081 1374 1383 1157 1239 1123 1350 1068 1381 1415 1209
1318 1373 1313 1195 1069 1193 1150 1424 1307 1418 1183 1205 1335 1386 1272 1313 1549 1406 1383 1309 1235 1146 1089 1303 1280 1638 1285 1441 1336 1292 1142 944 1148 1247 1338 1322 1263 1313 1184 1103 1353 1380 1228 1124 1247 1397 1283 1202 1208 1356 1347 1147 1336 1278 1269 1364 1239 1270 1320 1366 1087 1364 1331 1150
1453 1454 1430 1079 1031 1093 1173 1403 1346 1559 1205 1371 1379 1339 1324 1354 1571 1417 1462 1327 1143 1168 1027 1415 1401 1373 1380 1512 1362 1315 1275 963 1221 1319 1318 1317 1369 1316 1309 1145 1243 1317 1236 1194 1241 1485 1317 1292 1250 1373 1346 1142 1214 1234 1344 1368 1244 1349 1188 1480 1148 1353 1394 1241
1469 1401 1528 1330 1140 1306 1248 1447 1184 1448 1165 1368 1328 1394 1245 1383 1464 1489 1464 1401 1110 1233 1230 1392 1365 1475 1489 1245 1408 1265 1308 1063 1186 1283 1303 1391 1234 1399 1471 1299 1366 1454 1279 1088 1484 1409 1410 1308 1464 1464 1476 1251 1224 1130 1443 1313 1338 1341 1312 1392 1095 1446 1245 1224
1357 1067 1159 1107 951 959 1094 1175 1240 1324 1019 1279 1171 1095 1223 1289 1381 1210 1258 1276 976 1075 949 1229 1132 1297 1170 1146 1112 1147 1156 914 1053 1136 1082 1211 1051 1257 1057 901 954 1278 1120 1070 1196 1168 1167 1051 1164 1203 1076 1054 969 1159 1228 1186 1064 1169 1062 1345 1045 1218 1142 1109
1585 1506 1364 1397 1215 1316 1302 1518 1411 1459 1347 1400 1544 1511 1424 1462 1617 1673 1606 1586 1323 1477 1201 1504 1485 1625 1558 1394 1670 1357 1393 1122 1309 1276 1490 1480 1367 1479 1502 1427 1450 1501 1446 1228 1533 1618 1521 1473 1520 1583 1537 1307 1341 1303 1487 1464 1520 1468 1338 1560 1291 1536 1414 1315
1187 1108 1133 943 928 1107 1003 1361 1125 1227 1171 1131 1156 1120 1148 1236 1360 1120 1142 1253 1021 1001 927 1088 1190 1184 1169 1129 1142 1150 1052 972 1049 1055 1175 1220 1247 1107 1040 1008 962 1124 1085 970 1087 1298 1010 1106 1137 1207 1107 1057 1008 1126 1136 1045 987 1080 1042 1319 1043 1271 1255 1007
1385 1296 1408 1175 1103 1033 1232 1308 1302 1484 1257 1291 1277 1240 1203 1239 1460 1410 1278 1439 1093 1145 1092 1309 1277 1432 1404 1281 1319 1256 1170 1089 1176 1203 1301 1308 1270 1222 1308 1287 1307 1356 1221 1069 1306 1552 1288 1396 1375 1410 1291 1184 1102 1114 1346 1466 1166 1202 1118 1354 1017 1547 1307 1099
1546 1417 1473 1211 1174 1172 1360 1495 1284 1645 1397 1404 1426 1500 1263 1395 1622 1530 1464 1467 1312 1253 1134 1405 1427 1515 1564 1455 1474 1376 1353 1085 1364 1321 1359 1438 1338 1303 1524 1282 1444 1500 1298 1237 1468 1673 1438 1438 1510 1546 1459 1311 1218 1178 1326 1394 1440 1331 1285 1477 1216 1492 1472 1231
1542 1514 1678 1298 1196 1320 1262 1504 1412 1599 1376 1544 1430 1510 1397 1433 1744 1610 1470 1565 1172 1283 1177 1478 1538 1660 1743 1416 1563 1388 1309 1035 1331 1250 1388 1465 1504 1385 1453 1237 1426 1383 1398 1220 1445 1642 1497 1486 1443 1389 1500 1297 1372 1328 1427 1549 1387 1276 1278 1527 1172 1666 1512 1320
1568 1315 1431 1132 1124 1253 1201 1511 1267 1532 1190 1354 1388 1470 1258 1506 1614 1527 1424 1372 1158 1132 1144 1401 1464 1545 1524 1413 1496 1326 1302 1113 1347 1284 1433 1300 1243 1295 1456 1254 1452 1404 1220 1166 1426 1617 1342 1370 1492 1495 1408 1245 1205 1258 1293 1351 1197 1216 1340 1431 1220 1376 1367 1390
1223 1179 1205 965 892 971 1117 1179 993 1322 1129 1138 1015 1156 1004 1119 1398 1348 1347 980 938 1068 965 1060 1220 1298 1127 1148 1106 1085 944 929 1146 1167 1096 1195 1145 1037 1194 1010 1140 1134 1044 870 1163 1256 1245 1132 1153 1304 1186 1081 1009 1005 1126 1175 1057 1104 1143 1151 815 1337 1222 953
1293 1203 1187 1042 1064 980 992 1238 1208 1290 1108 1266 1209 1285 1286 1234 1407 1300 1350 1338 909 1151 1001 1233 1274 1493 1268 1121 1229 1220 1164 1002 1133 1065 1183 1225 1143 1318 1178 1081 1114 1268 1322 1017 1330 1323 1252 1181 1280 1312 1293 1069 1090 1094 1151 1267 1149 1174 1123 1271 1046 1428 1208 1046
