1204 1277 1424 1485 1179 1295 1324 1509 1287 1435 1354 1295 1346 1421 1583 1276 1145 1335 1218 1495 1490 1272 1460 1383 1461 1386 1186 1388 1494 1365 1483 1546 1367 1409 1400 1465 1310 1219 1284 1616 1529 1480 1401 1251 1578 1159 1025 1490 1264 1149 1599 1024 1376 1350 1415 1312 1495 1346 1274 1356 1249 1359 1492 1102
1011 1085 1151 1228 1092 1269 1042 1316 1122 1172 1171 1225 1213 1316 1245 1149 1055 1038 1190 1366 1364 1231 1222 1259 1452 1278 1149 1232 1258 1370 1242 1474 1216 1326 1322 1373 1295 1069 1280 1269 1332 1396 1140 1245 1425 1072 1059 1297 1346 1252 1519 1086 1292 1347 1184 1240 1267 1223 1118 1242 1179 1276 1294 1101
1051 1027 1154 1269 998 1211 1070 1390 1224 1086 1256 1092 1220 1283 1396 1213 1037 1103 1187 1236 1409 1148 1343 1222 1291 1155 1125 1067 1266 1348 1137 1300 1193 1409 1273 1270 1258 973 1190 1252 1315 1350 1246 1129 1383 1062 924 1201 1245 1138 1434 984 1339 1354 1141 1218 1306 1315 1152 1266 1019 1220 1240 1169
1074 1127 1333 1333 1251 1455 1156 1519 1397 1238 1429 1296 1320 1335 1485 1306 1137 1236 1271 1534 1474 1315 1405 1428 1463 1171 1338 1225 1476 1281 1325 1345 1209 1326 1451 1469 1353 1072 1333 1402 1360 1421 1365 1139 1556 1306 1095 1379 1440 1185 1565 1116 1473 1382 1271 1399 1466 1433 1317 1538 1140 1472 1584 1298
1079 1247 1413 1379 1268 1466 1313 1508 1366 1384 1520 1424 1387 1357 1592 1210 1293 1348 1294 1585 1478 1406 1474 1412 1583 1370 1281 1341 1565 1316 1408 1430 1447 1496 1400 1538 1337 1259 1287 1649 1477 1442 1269 1417 1705 1186 1092 1472 1567 1297 1627 1094 1633 1354 1330 1382 1499 1399 1322 1378 1207 1415 1528 1140
1270 1269 1379 1222 1108 1378 1186 1520 1199 1284 1414 1293 1411 1521 1383 1404 1359 1250 1346 1539 1460 1329 1409 1286 1558 1186 1255 1283 1417 1424 1478 1381 1261 1341 1383 1409 1356 1172 1276 1532 1588 1483 1362 1402 1621 1207 1017 1343 1444 1123 1511 1204 1521 1358 1234 1419 1533 1297 1122 1293 1265 1370 1567 1335
1254 1429 1521 1412 1262 1505 1282 1596 1414 1366 1498 1425 1459 1447 1577 1378 1374 1496 1343 1632 1554 1415 1549 1485 1708 1338 1288 1369 1559 1342 1583 1568 1461 1503 1376 1410 1501 1328 1349 1750 1545 1566 1387 1484 1704 1431 1258 1586 1552 1291 1721 1338 1588 1412 1511 1309 1553 1534 1364 1472 1264 1477 1689 1237
1128 1145 1278 1315 1127 1311 1197 1437 1253 1143 1393 1311 1302 1291 1383 1126 1111 1265 1206 1374 1332 1327 1394 1345 1352 1315 1203 1189 1537 1258 1354 1453 1353 1364 1338 1341 1285 1175 1264 1415 1379 1309 1253 1345 1544 1224 1116 1400 1398 1137 1485 996 1365 1271 1311 1196 1416 1324 1230 1407 1027 1359 1458 1163
924 1235 1194 1374 1150 1363 1188 1568 1242 1180 1348 1357 1361 1353 1457 1162 1067 1133 1164 1489 1442 1261 1267 1306 1420 1129 1176 1223 1319 1227 1344 1429 1244 1293 1215 1430 1382 1087 1308 1382 1364 1384 1269 1191 1483 1172 1111 1358 1271 1113 1369 1061 1380 1142 1109 1327 1346 1376 1128 1309 1131 1445 1397 1193
1096 1160 1201 1311 1038 1226 1230 1283 1088 1161 1247 1219 1193 1303 1394 1179 1202 1170 1040 1373 1345 1221 1264 1278 1348 1047 1089 1158 1247 1333 1434 1385 1270 1347 1203 1338 1270 1078 1130 1308 1244 1320 1220 1144 1311 1042 990 1326 1286 1074 1420 1001 1292 1312 1260 1357 1351 1188 1165 1122 1030 1376 1337 1111
1019 1095 1184 1185 1081 1222 1022 1467 1099 1124 1400 1202 1144 1168 1320 1148 1157 1168 1190 1271 1349 1301 1266 1299 1267 1249 1159 1164 1386 1197 1250 1175 1252 1360 1260 1298 1270 1060 1138 1429 1234 1125 1316 1250 1385 1160 977 1256 1237 972 1379 1000 1257 1076 1241 1254 1376 1208 1198 1373 1045 1341 1490 1069
1239 1242 1424 1467 1254 1459 1172 1650 1444 1470 1568 1317 1491 1318 1550 1330 1232 1293 1202 1614 1482 1468 1470 1483 1494 1298 1318 1248 1610 1349 1577 1543 1486 1443 1510 1446 1382 1206 1259 1670 1536 1386 1440 1367 1592 1266 1021 1411 1362 1249 1665 1107 1519 1508 1397 1478 1590 1451 1396 1551 1250 1594 1654 1342
1107 1200 1154 1293 1145 1351 1121 1408 1341 1113 1358 1226 1295 1349 1420 1146 1169 1305 1105 1475 1270 1178 1356 1207 1415 1251 1049 1083 1360 1160 1394 1333 1269 1190 1308 1295 1226 1068 1202 1396 1397 1403 1209 1262 1464 1092 1017 1413 1274 1238 1470 974 1379 1316 1193 1098 1337 1284 1232 1189 1156 1293 1382 1194
1125 1317 1314 1468 1244 1312 1258 1534 1486 1315 1437 1450 1473 1505 1381 1212 1156 1288 1389 1493 1589 1430 1521 1384 1531 1470 1250 1239 1553 1358 1434 1591 1314 1407 1589 1457 1434 1206 1451 1520 1554 1542 1413 1257 1538 1207 1206 1503 1474 1358 1778 1152 1502 1332 1387 1316 1483 1525 1308 1417 1194 1554 1493 1281
1140 1212 1376 1457 1279 1656 1377 1653 1342 1388 1456 1333 1419 1385 1632 1400 1299 1369 1338 1550 1403 1473 1424 1490 1512 1344 1374 1351 1526 1411 1360 1386 1479 1517 1399 1486 1314 1067 1476 1577 1460 1448 1248 1386 1692 1224 1184 1565 1496 1288 1548 1181 1376 1352 1434 1290 1608 1409 1345 1493 1320 1505 1561 1231
1051 1087 1195 1196 1013 1093 1140 1317 1069 1177 1299 1272 1173 1100 1280 1047 1016 1166 988 1137 1267 1272 1387 1124 1331 1147 948 1090 1329 1206 1377 1325 1330 1379 1196 1188 1155 1059 1204 1343 1236 1221 1113 1232 1326 1006 934 1239 1301 1081 1495 967 1346 1204 1212 1144 1383 1123 1099 1195 1061 1320 1274 1135
1137 1110 1183 1209 1055 1144 1180 1198 1095 1148 1140 1189 1016 1176 1261 1052 1095 1062 1051 1348 1257 1141 1233 1224 1331 1235 1092 1100 1286 1101 1297 1302 1187 1074 1206 1298 1190 946 1079 1329 1311 1217 1136 1052 1297 1045 992 1241 1235 1040 1391 958 1337 1099 1301 1106 1250 1129 1034 1162 1024 1335 1264 1081
1063 1053 1184 1307 1177 1405 1134 1455 1317 1202 1463 1151 1229 1297 1452 1226 1229 1194 1333 1433 1473 1291 1338 1349 1402 1353 1306 1225 1458 1373 1297 1276 1226 1268 1464 1408 1383 1064 1251 1327 1418 1376 1299 1417 1537 1237 1090 1298 1412 1198 1514 1174 1356 1316 1303 1325 1434 1337 1260 1401 1088 1438 1563 1159
1172 1089 1239 1112 993 1178 1061 1331 1220 1103 1246 1085 1156 1275 1436 1173 1101 1066 1083 1339 1365 1318 1170 1128 1348 1180 1186 1033 1229 1327 1392 1285 1085 1231 1324 1331 1096 1030 1176 1436 1357 1355 1148 1096 1388 1116 986 1116 1252 1003 1261 945 1386 1266 1213 1218 1269 1201 1179 1104 1078 1239 1320 1053
1217 1231 1528 1623 1303 1506 1379 1610 1386 1361 1506 1487 1461 1581 1611 1349 1303 1291 1356 1716 1654 1459 1488 1440 1454 1340 1360 1423 1594 1533 1538 1620 1359 1530 1407 1557 1477 1374 1498 1763 1638 1591 1402 1392 1708 1369 1282 1448 1549 1299 1605 1177 1493 1485 1402 1562 1595 1510 1409 1459 1205 1555 1697 1304
1061 1103 1210 1380 1121 1225 1146 1496 1306 1134 1399 1390 1301 1338 1322 1106 1150 1139 1211 1479 1456 1150 1439 1300 1457 1266 1186 1139 1506 1304 1336 1421 1307 1311 1374 1326 1348 1105 1316 1455 1532 1425 1192 1253 1465 1103 1038 1303 1394 1242 1541 1121 1408 1435 1172 1245 1503 1335 1115 1310 1098 1402 1330 1188
1073 1241 1233 1291 1131 1299 1240 1471 1298 1109 1287 1284 1292 1453 1376 1181 1160 1198 1120 1374 1375 1316 1245 1347 1575 1223 1219 1245 1396 1264 1409 1419 1293 1392 1317 1365 1208 1093 1253 1453 1407 1384 1186 1282 1433 1100 1157 1286 1445 1179 1500 1118 1413 1278 1273 1215 1449 1310 1182 1238 1091 1392 1351 1184
1145 1188 1262 1239 1173 1306 1228 1390 1274 1132 1332 1343 1191 1368 1459 1133 1243 1267 1162 1392 1424 1319 1316 1341 1354 1231 1205 1300 1535 1325 1399 1345 1193 1369 1239 1345 1366 1121 1219 1569 1390 1292 1275 1284 1495 1170 1108 1356 1510 1143 1507 1101 1421 1290 1385 1247 1471 1313 1185 1253 1103 1403 1406 1130
1208 1108 1266 1296 1179 1337 1167 1533 1161 1252 1435 1295 1111 1298 1561 1274 1185 1241 1149 1489 1499 1349 1321 1262 1400 1275 1314 1117 1470 1340 1286 1321 1297 1389 1375 1386 1321 1123 1340 1567 1484 1310 1306 1260 1655 1208 1129 1485 1361 1197 1461 1103 1402 1262 1177 1371 1406 1255 1289 1345 1192 1204 1494 1249
1344 1282 1524 1543 1373 1432 1365 1641 1418 1435 1496 1414 1404 1479 1579 1434 1294 1340 1268 1553 1532 1396 1601 1483 1504 1372 1288 1366 1574 1446 1442 1447 1337 1458 1423 1525 1485 1277 1435 1777 1623 1507 1462 1339 1580 1323 1209 1474 1511 1290 1764 1117 1500 1328 1545 1432 1565 1375 1410 1469 1259 1618 1680 1358
1050 1149 1231 1216 1121 1320 1234 1303 1092 1121 1265 1163 1045 1172 1248 1183 1156 1179 1137 1365 1234 1202 1249 1160 1265 1054 1110 1142 1248 1202 1312 1226 1218 1234 1180 1226 1297 1050 1111 1277 1204 1291 1296 1216 1382 1112 1001 1241 1366 1111 1449 1068 1253 1144 1303 1042 1364 1140 1076 1180 1063 1422 1565 1178
1096 1095 1192 1135 1079 1289 1059 1340 1068 1055 1304 1123 1013 1140 1279 1113 1095 1089 1068 1182 1147 1143 1255 1236 1293 1159 958 1202 1147 1119 1258 1183 1286 1238 1120 1287 1203 963 1137 1313 1244 1226 1100 1104 1350 1019 1017 1264 1275 1005 1438 901 1244 1023 1297 1150 1252 1023 1119 1213 1068 1295 1452 1173
1128 1272 1327 1290 1162 1305 1332 1455 1220 1067 1319 1247 1173 1337 1351 1258 1267 1172 1169 1408 1383 1258 1253 1342 1407 1207 1244 1264 1263 1403 1354 1492 1248 1334 1259 1435 1326 1193 1221 1427 1459 1465 1244 1213 1373 1110 1156 1364 1354 995 1522 894 1400 1252 1278 1240 1413 1257 1177 1279 1060 1360 1580 1193
1082 1184 1209 1391 1097 1274 1171 1449 1277 1174 1270 1186 1225 1352 1356 1155 1178 1163 1091 1277 1322 1180 1356 1309 1433 1231 1109 1207 1281 1285 1195 1329 1271 1506 1242 1329 1164 1102 1313 1440 1317 1341 1169 1008 1369 1092 1075 1364 1323 1214 1507 957 1304 1248 1214 1172 1241 1212 1221 1223 1147 1330 1249 1158
1001 1060 1187 1118 1125 1261 1026 1313 1147 1180 1296 1143 1085 1163 1206 1096 1001 1075 1121 1369 1137 1143 1204 1245 1278 1130 1269 1098 1309 1080 1214 1224 1110 1187 1170 1358 1138 1104 1082 1429 1179 1176 1303 1019 1408 1003 981 1330 1274 1084 1444 959 1290 1191 1089 1174 1237 1162 1092 1318 1054 1371 1418 1059
1061 1283 1424 1350 1105 1355 1181 1389 1336 1209 1411 1350 1306 1420 1392 1276 1110 1235 1217 1474 1473 1392 1316 1438 1487 1177 1204 1169 1373 1330 1396 1473 1347 1327 1280 1406 1301 1204 1165 1311 1399 1428 1289 1217 1546 1124 1128 1269 1494 1248 1575 1063 1523 1305 1362 1419 1358 1370 1266 1376 1055 1389 1641 1321
1092 1107 1244 1352 1036 1242 1227 1312 1203 1136 1273 1306 1191 1283 1206 1251 1252 1143 1200 1484 1393 1333 1359 1175 1379 1257 1211 1167 1284 1290 1356 1358 1401 1248 1289 1228 1256 1220 1151 1497 1390 1454 1130 1262 1412 1097 1130 1265 1439 1170 1444 1118 1473 1305 1400 1172 1505 1334 1205 1181 1095 1480 1409 1125
999 1060 1213 1221 1078 1173 1123 1247 1130 1102 1280 1217 1111 1249 1405 1170 1045 1061 1167 1218 1248 1244 1144 1156 1278 1236 1154 1174 1349 1227 1226 1263 1202 1276 1178 1294 1231 1112 1232 1443 1268 1230 1127 1279 1438 1028 1084 1334 1272 1110 1399 1028 1295 1066 1290 1198 1315 1255 1101 1277 1103 1250 1336 1054
1429 1468 1649 1670 1450 1748 1429 1748 1573 1488 1719 1541 1479 1581 1699 1533 1419 1465 1427 1753 1612 1728 1613 1591 1745 1549 1524 1393 1731 1545 1703 1655 1620 1626 1688 1713 1614 1421 1425 1740 1611 1585 1585 1605 1853 1429 1367 1672 1740 1508 1904 1311 1766 1534 1582 1643 1649 1580 1477 1602 1368 1789 2027 1540
1003 1135 1264 1249 1132 1404 1030 1387 1327 1277 1331 1309 1349 1359 1430 1159 1079 1148 1123 1403 1281 1259 1171 1248 1397 1227 1171 1117 1307 1248 1381 1369 1178 1269 1297 1388 1379 1022 1299 1375 1435 1315 1279 1184 1500 1227 1032 1278 1259 1158 1435 1043 1403 1221 1176 1259 1308 1298 1182 1417 1064 1351 1360 1284
926 1071 1165 1101 850 1143 1001 1221 1061 1023 1125 1068 1155 1101 1086 1022 974 1042 1112 1171 1125 1194 1093 938 1194 1009 926 976 1135 1008 1160 1106 1039 968 1026 1010 1060 1035 913 1158 1158 1062 1039 1172 1316 921 853 1069 1126 891 1247 939 1203 1076 1108 1052 1164 1150 867 1128 950 1185 1438 1116
1135 1167 1300 1301 1124 1269 1210 1487 1218 1188 1276 1206 1184 1172 1451 1147 1172 1204 1110 1501 1288 1313 1396 1467 1420 1231 1235 1137 1398 1132 1457 1272 1321 1296 1212 1409 1252 1104 1218 1354 1350 1292 1212 1266 1489 1120 1040 1258 1330 1059 1482 1008 1367 1336 1220 1211 1426 1279 1309 1354 1054 1357 1488 1182
1052 1138 1331 1335 1152 1126 1091 1335 1476 1186 1254 1329 1255 1460 1269 1176 1013 1226 1111 1443 1424 1299 1309 1411 1321 1154 1199 1166 1442 1245 1306 1467 1137 1342 1398 1340 1275 1097 1124 1421 1402 1350 1362 1081 1502 1172 971 1236 1385 1205 1563 1047 1478 1327 1312 1241 1337 1413 1236 1359 1016 1301 1392 1378
947 1090 1118 1183 1010 1232 1013 1282 1225 1032 1117 1114 995 1214 1273 1089 1009 1070 1108 1223 1244 1147 1229 1265 1242 1089 1115 1051 1066 1326 1130 1331 1162 1240 1218 1237 1206 981 1152 1321 1216 1262 1112 1019 1270 1138 929 1140 1214 1205 1491 936 1278 1183 1183 995 1201 1201 1130 1145 1084 1286 1184 1139
1216 1255 1349 1454 1143 1341 1285 1548 1202 1323 1519 1333 1324 1456 1578 1321 1249 1238 1211 1455 1496 1468 1349 1385 1544 1316 1222 1205 1562 1446 1411 1363 1334 1444 1312 1492 1385 1097 1304 1512 1578 1350 1254 1410 1677 1258 1129 1210 1610 1338 1502 1257 1538 1244 1416 1412 1452 1396 1285 1347 1247 1446 1487 1354
1035 1237 1295 1195 1213 1488 1175 1356 1306 1143 1398 1395 1241 1317 1434 1092 1220 1195 1116 1486 1281 1244 1284 1356 1447 1106 1244 1289 1369 1246 1363 1406 1299 1309 1293 1430 1323 1127 1176 1507 1289 1360 1197 1271 1465 1112 1099 1388 1454 1169 1520 1067 1492 1339 1237 1265 1434 1322 1169 1342 1088 1438 1530 1105
1243 1334 1407 1351 1153 1430 1263 1618 1279 1236 1516 1451 1301 1339 1516 1270 1242 1323 1239 1629 1506 1555 1433 1372 1523 1302 1233 1176 1474 1324 1587 1511 1359 1326 1251 1413 1438 1223 1353 1570 1490 1449 1281 1391 1637 1297 1184 1397 1479 1243 1599 1214 1558 1419 1395 1382 1592 1478 1342 1525 1231 1546 1632 1401
1075 1247 1407 1414 1286 1663 1377 1627 1440 1452 1544 1380 1363 1494 1596 1433 1300 1405 1416 1792 1570 1449 1419 1517 1448 1284 1514 1357 1478 1553 1597 1568 1421 1435 1488 1635 1501 1231 1325 1554 1511 1438 1506 1447 1731 1303 1139 1549 1521 1252 1612 1249 1657 1531 1309 1414 1521 1552 1322 1556 1190 1503 1693 1255
1088 1062 1315 1417 1071 1266 1233 1395 1174 1311 1208 1205 1201 1193 1441 1289 1071 1182 1066 1459 1303 1244 1237 1296 1426 1131 1178 1059 1311 1162 1211 1099 1211 1166 1235 1214 1162 995 1121 1288 1386 1104 1187 1231 1543 1034 986 1321 1220 1079 1322 1053 1319 1137 1198 1188 1266 1180 1123 1181 1057 1296 1362 1171
1174 1200 1232 1405 1298 1367 1199 1417 1278 1207 1285 1352 1300 1365 1620 1132 1288 1244 1108 1588 1470 1226 1435 1328 1460 1261 1232 1260 1431 1382 1396 1389 1234 1364 1272 1549 1500 1223 1232 1606 1364 1455 1302 1319 1513 1222 1176 1475 1385 1204 1494 1033 1506 1370 1277 1422 1371 1354 1259 1239 1042 1369 1416 1048
1361 1320 1489 1468 1234 1492 1304 1549 1332 1436 1454 1349 1490 1621 1552 1553 1278 1389 1472 1546 1482 1444 1473 1542 1600 1448 1348 1471 1549 1550 1597 1565 1432 1583 1473 1608 1415 1249 1467 1537 1542 1565 1576 1372 1748 1170 1156 1651 1446 1271 1775 1138 1531 1501 1470 1470 1623 1406 1342 1573 1423 1463 1627 1388
843 1003 1080 1098 1061 1158 1009 1241 1184 1135 1198 1150 1105 1141 1194 1172 1012 1056 1008 1258 1104 1193 1024 1046 1145 1035 1069 960 1226 1059 1306 1078 1129 1044 1202 1219 1121 982 1014 1155 1186 1153 1123 1203 1267 886 930 1205 1164 974 1282 959 1196 1012 1169 1211 1148 1099 1045 1057 873 1234 1449 1028
987 1110 1197 1288 1187 1180 1122 1371 1361 1101 1234 1248 1075 1181 1403 1064 1037 1260 1003 1257 1278 1125 1191 1215 1277 1098 1185 1225 1306 1144 1269 1364 1149 1303 1399 1240 1197 1065 1251 1406 1255 1239 1212 1133 1278 1165 1057 1267 1259 1089 1499 1022 1287 1100 1205 1076 1278 1230 1156 1263 1009 1386 1395 1130
1068 1099 1244 1320 1178 1305 1189 1540 1233 1271 1409 1241 1319 1270 1340 1240 1198 1214 1119 1348 1335 1332 1364 1258 1397 1138 1229 1169 1501 1270 1357 1230 1348 1424 1390 1304 1187 1103 1229 1463 1330 1288 1248 1231 1425 1103 1037 1359 1390 1115 1460 1117 1353 1312 1258 1302 1486 1349 1270 1371 1138 1450 1495 1165
1257 1287 1541 1500 1205 1489 1460 1743 1433 1308 1689 1313 1342 1591 1572 1436 1272 1271 1431 1604 1678 1591 1453 1504 1533 1317 1495 1297 1518 1678 1539 1572 1499 1632 1536 1482 1474 1319 1392 1594 1691 1593 1429 1386 1694 1276 1251 1361 1615 1294 1707 1277 1602 1681 1468 1388 1563 1478 1454 1495 1205 1522 1817 1230
1083 1112 1269 1415 1166 1362 1221 1440 1153 1212 1347 1178 1267 1216 1342 1290 1232 1230 1155 1390 1340 1295 1319 1222 1422 1104 1121 1041 1432 1321 1361 1178 1358 1277 1271 1290 1300 1109 1083 1336 1364 1247 1261 1315 1391 1158 1012 1368 1348 1155 1373 990 1279 1297 1359 1354 1400 1288 1196 1224 1115 1453 1538 1273
1157 1138 1295 1317 1113 1391 1255 1412 1181 1257 1287 1200 1044 1170 1388 1199 1092 1251 1109 1324 1304 1279 1331 1329 1474 1202 1190 1145 1300 1303 1437 1177 1325 1309 1140 1429 1305 1071 1105 1452 1244 1227 1229 1190 1409 1152 1079 1413 1347 993 1402 1021 1432 1216 1387 1174 1325 1242 1191 1334 1143 1389 1425 1188
1020 1176 1230 1229 1163 1399 1122 1501 1343 1148 1395 1131 1327 1233 1382 1195 1189 1251 1125 1250 1332 1227 1261 1366 1423 1073 1193 1255 1381 1282 1323 1374 1335 1439 1350 1401 1243 1012 1114 1360 1350 1276 1199 1258 1476 1144 1046 1344 1363 1029 1464 1013 1435 1207 1282 1275 1288 1241 1133 1400 1039 1397 1544 1227
1112 1197 1287 1349 1215 1264 1202 1441 1268 1140 1262 1298 1077 1225 1408 1243 1187 1218 1097 1406 1456 1328 1266 1314 1407 1377 1280 1348 1318 1189 1313 1463 1171 1301 1424 1340 1333 1181 1291 1552 1450 1258 1194 1294 1311 1233 1230 1489 1348 1189 1570 1040 1285 1352 1307 1094 1410 1290 1195 1390 1226 1514 1411 1125
1256 1349 1581 1468 1331 1463 1358 1535 1491 1362 1575 1328 1377 1433 1602 1302 1282 1421 1425 1512 1550 1481 1509 1520 1542 1384 1420 1380 1612 1429 1521 1520 1346 1519 1431 1496 1391 1322 1408 1690 1548 1543 1457 1362 1709 1347 1282 1417 1554 1284 1748 1168 1592 1350 1439 1279 1483 1468 1476 1570 1233 1523 1749 1294
1059 1070 1170 1338 1250 1315 1211 1464 1379 1088 1524 1263 1119 1286 1379 1247 1224 1283 1122 1408 1326 1272 1211 1242 1238 1159 1391 1112 1417 1370 1326 1399 1261 1311 1407 1405 1306 1173 1239 1452 1341 1393 1245 1237 1323 1150 1071 1307 1422 1196 1510 1035 1393 1277 1297 1311 1407 1218 1243 1333 1000 1495 1521 1161
1262 1360 1463 1501 1239 1577 1277 1768 1468 1401 1460 1424 1424 1556 1709 1367 1324 1339 1261 1642 1640 1433 1488 1504 1669 1442 1397 1349 1522 1447 1495 1541 1472 1555 1596 1488 1394 1174 1444 1581 1575 1469 1408 1394 1713 1304 1205 1530 1448 1307 1662 1282 1542 1509 1295 1371 1544 1513 1386 1471 1352 1452 1619 1337
1067 931 1112 1191 1068 1210 1005 1417 1206 1057 1303 1024 986 1260 1179 1051 973 1097 1073 1266 1268 1016 1245 1274 1326 1176 1224 1139 1257 1318 1208 1196 1212 1350 1271 1265 1113 1017 1092 1405 1297 1324 1235 1068 1403 944 1004 1167 1390 1095 1455 1024 1213 1235 1232 1115 1246 1151 1165 1189 1109 1231 1318 1087
1330 1315 1510 1366 1277 1492 1255 1638 1339 1382 1679 1386 1375 1490 1662 1360 1397 1446 1321 1624 1514 1498 1572 1436 1609 1358 1369 1307 1541 1548 1565 1531 1372 1534 1436 1531 1474 1371 1519 1815 1648 1497 1333 1465 1752 1469 1175 1543 1525 1335 1699 1284 1559 1492 1398 1449 1553 1323 1412 1472 1293 1528 1697 1299
1036 1026 1179 1157 964 1158 1074 1198 1102 1204 1283 1188 1019 1148 1254 1233 1088 1008 1132 1282 1263 1185 1132 1179 1155 1169 1041 1099 1238 1042 1283 1184 1147 1162 1208 1139 1168 959 1115 1352 1244 1194 1213 1079 1200 1000 886 1241 1122 1041 1311 937 1213 1163 1190 1090 1365 1178 1132 1205 1078 1313 1198 1000
1197 1294 1553 1479 1180 1429 1240 1517 1332 1368 1577 1370 1368 1404 1578 1451 1143 1337 1292 1512 1532 1499 1479 1500 1462 1298 1260 1207 1507 1545 1540 1522 1402 1418 1316 1425 1477 1235 1336 1535 1518 1479 1436 1370 1620 1342 1092 1348 1277 1215 1720 1103 1550 1348 1433 1377 1513 1271 1270 1477 1206 1475 1750 1383
1029 970 1265 1306 1094 1169 1165 1381 1081 1133 1244 1189 1136 1170 1353 1060 989 1059 1034 1338 1275 1170 1366 1205 1284 1149 1105 1093 1268 1124 1182 1206 1154 1329 1165 1192 1180 1093 1278 1414 1310 1230 1079 1185 1378 994 1040 1332 1266 1117 1328 994 1119 1218 1008 1120 1256 1142 1097 1064 1017 1221 1289 937
993 1083 1233 1306 991 1281 1162 1313 1048 1183 1353 1321 1092 1148 1334 1106 1109 1114 1079 1373 1476 1296 1213 1217 1283 1272 1097 1129 1374 1255 1313 1395 1333 1260 1211 1229 1150 1103 1143 1405 1311 1231 1117 1243 1462 1074 1014 1295 1188 1041 1385 965 1359 1198 1180 1176 1402 1229 1194 1280 1108 1259 1331 1121
1087 1255 1284 1315 989 1278 1216 1337 1181 1157 1202 1274 1271 1270 1391 1149 1084 1127 1213 1356 1331 1265 1307 1316 1339 1246 1088 1227 1355 1255 1412 1509 1348 1260 1133 1243 1255 1137 1257 1418 1305 1341 1154 1211 1393 997 1075 1308 1205 1090 1630 983 1428 1322 1308 1175 1400 1367 1157 1384 1144 1273 1310 1098
