23 12 21 15 19 21 15 16 17 13 21 20 16 15 18 18 17 18 20 19 17 20 13 18 21 19 16 18 23 17 20 20 22 14 19 19 17 16 13 21 19 18 16 17 25 20 18 20 17 16 20 14 21 20 18 14 13 18 15 19 16 21 21 18
20 16 20 15 17 15 13 16 18 13 15 16 14 17 15 20 14 20 20 18 17 19 18 18 16 19 9 16 19 17 19 17 18 16 17 16 11 15 13 18 21 18 14 20 21 19 19 15 19 11 18 14 16 13 15 13 12 21 16 14 10 15 25 16
20 13 21 13 15 15 12 15 17 17 16 19 13 13 15 14 16 20 15 18 14 22 19 17 18 17 12 15 19 18 20 15 16 9 16 16 14 14 12 17 18 18 16 15 20 15 20 16 16 16 15 15 19 17 15 8 15 17 19 16 13 13 17 18
24 16 20 15 17 19 10 20 15 12 20 18 16 19 16 15 15 19 18 20 16 21 20 18 17 19 11 17 17 18 22 18 16 12 16 18 18 12 16 16 20 19 20 20 19 19 17 19 22 15 18 14 16 15 17 12 16 22 21 17 13 21 23 15
16 14 14 12 14 13 8 13 13 11 14 17 14 13 12 14 12 16 14 16 12 19 19 16 14 14 15 15 15 14 21 17 14 13 16 11 18 7 10 19 15 20 17 17 16 15 16 13 18 13 15 16 16 13 14 11 13 14 16 16 12 16 16 19
18 18 22 17 15 15 12 12 19 18 21 20 13 13 18 18 18 19 16 17 16 21 17 17 15 19 16 16 20 17 23 22 19 12 17 14 20 15 14 18 15 22 14 14 22 17 18 20 19 18 16 13 19 19 12 14 15 17 18 17 17 22 22 19
21 14 20 16 21 15 13 18 19 14 18 19 16 17 16 15 19 20 18 19 18 22 17 20 16 18 16 16 19 17 23 20 19 13 19 19 20 19 14 20 18 18 20 15 19 19 18 18 20 15 18 16 17 13 18 17 19 21 15 16 17 21 22 17
19 12 14 17 10 14 6 17 13 13 12 16 12 13 13 13 10 9 14 11 13 11 12 17 13 16 10 15 14 13 14 14 13 11 14 13 13 7 13 11 12 15 12 12 17 14 12 13 16 10 12 11 14 14 13 10 11 15 14 13 15 17 16 9
24 17 24 16 19 20 13 19 21 13 20 20 16 16 17 19 20 23 18 19 19 20 19 18 19 19 17 17 21 24 25 19 18 16 17 18 20 15 17 20 19 21 18 19 23 22 23 17 18 17 18 17 18 19 20 17 16 21 18 13 17 23 22 16
19 16 13 12 17 16 13 14 11 13 15 15 13 16 16 15 11 18 15 19 15 18 14 16 16 14 11 12 13 17 19 19 15 15 15 13 12 10 12 15 17 19 14 17 17 15 16 18 17 14 15 12 16 14 18 13 14 13 14 19 16 16 18 17
20 13 20 14 14 19 11 13 15 11 19 17 15 16 15 14 16 16 18 18 14 16 14 15 15 18 11 20 18 14 17 19 14 12 18 18 16 16 10 17 16 16 11 17 16 12 16 15 16 13 19 14 16 18 14 13 14 20 17 15 11 17 20 17
23 22 22 19 21 19 11 22 23 16 23 23 18 17 20 17 17 21 24 21 15 21 23 21 22 21 13 20 20 20 24 23 19 17 24 19 20 15 20 24 22 24 19 19 24 17 17 17 23 21 22 18 20 19 18 14 15 21 23 22 17 26 23 21
14 14 15 11 14 15 10 12 17 14 18 13 16 8 14 13 12 16 15 17 10 18 15 11 14 18 8 12 11 14 12 12 14 11 17 11 14 13 15 16 18 17 13 9 18 13 16 13 13 14 14 12 13 18 10 11 6 16 12 18 12 15 18 17
18 16 21 14 14 14 8 19 17 14 14 21 16 16 13 15 15 19 16 17 15 17 21 18 16 20 13 14 12 17 22 19 17 14 19 15 17 13 12 15 20 21 15 18 19 18 19 14 21 13 14 17 20 12 12 10 14 19 15 15 14 21 23 19
16 14 19 11 13 16 6 15 17 14 12 17 11 14 17 15 11 21 15 16 13 15 18 17 14 16 12 13 14 17 17 17 12 13 18 13 14 10 16 16 16 19 15 14 16 15 17 15 18 13 15 13 15 17 12 11 10 15 16 13 14 16 19 19
24 18 24 14 19 19 14 17 18 17 22 21 15 17 20 19 20 20 21 20 19 26 21 19 22 18 19 21 23 22 28 24 20 20 23 19 21 17 17 19 21 24 17 23 24 21 21 19 23 19 22 17 22 20 18 17 16 24 20 22 17 23 23 22
18 15 15 12 16 15 5 16 11 11 17 14 13 14 15 11 19 17 17 17 14 15 16 10 14 16 9 12 15 15 20 17 12 11 16 15 14 11 11 17 16 15 16 17 18 17 13 14 16 12 14 11 12 15 13 11 9 19 14 15 12 16 20 11
17 15 20 12 17 17 12 11 19 16 19 23 14 15 15 19 16 18 15 16 20 21 20 19 13 19 16 19 18 19 22 23 18 15 20 18 21 16 18 16 17 18 13 18 16 13 22 17 22 13 20 12 21 21 18 11 15 21 21 18 15 19 21 20
24 13 20 15 16 16 14 15 17 19 16 18 13 16 14 15 11 15 18 17 15 22 20 19 18 12 12 21 18 19 18 19 16 13 18 16 16 13 15 18 20 23 15 18 17 13 17 16 20 13 17 17 14 16 15 12 15 20 17 20 16 15 19 13
18 9 13 11 16 11 9 12 14 9 16 11 11 9 16 13 15 17 17 16 15 17 11 12 15 13 11 14 16 14 18 14 14 11 12 12 12 11 14 17 16 16 17 15 16 15 16 13 14 13 17 10 13 15 14 9 10 16 16 14 7 15 14 15
17 13 17 10 14 13 4 11 14 12 14 13 16 12 11 11 14 15 12 9 12 14 16 13 15 13 9 13 10 13 17 18 16 8 14 13 15 11 14 14 15 18 13 15 15 11 13 12 17 11 13 9 13 15 12 11 9 17 12 13 14 15 18 13
19 13 21 15 18 15 10 13 16 15 20 20 17 16 11 15 21 22 14 19 18 20 14 14 16 19 12 15 18 17 23 22 16 12 14 17 20 17 12 14 20 17 15 16 21 16 21 16 20 13 15 12 20 17 15 10 16 19 17 17 13 19 20 17
16 14 16 10 16 15 10 9 14 12 17 12 16 8 13 9 16 13 11 13 11 14 15 13 12 16 11 13 14 13 16 17 14 9 15 10 18 11 11 14 13 16 13 12 14 13 17 16 16 15 14 9 14 16 13 14 13 15 13 17 14 15 16 14
21 11 19 17 14 17 11 19 16 16 19 20 14 17 12 15 16 16 18 17 17 18 18 17 19 19 13 15 16 22 18 19 17 13 19 19 14 14 14 16 21 17 15 17 18 17 18 16 17 12 12 17 16 15 14 12 15 19 12 15 13 17 22 16
21 10 22 17 15 18 12 14 14 16 16 14 14 13 10 14 13 16 16 17 15 18 16 19 19 15 13 19 15 15 16 20 20 9 16 15 13 13 13 19 18 18 18 15 18 14 17 18 20 16 13 14 15 14 15 12 14 16 14 17 17 19 16 14
14 16 14 9 17 9 8 10 16 12 15 17 10 13 12 12 14 18 16 13 15 18 18 16 12 11 12 15 13 12 21 19 14 13 16 12 18 14 13 16 16 20 13 16 18 11 15 11 20 12 19 13 18 13 15 11 13 16 18 13 14 18 17 17
17 15 16 14 15 15 13 15 18 14 20 17 14 15 16 18 17 21 17 19 15 21 15 15 17 17 13 14 17 22 21 19 16 15 16 14 17 15 16 19 20 19 15 19 20 19 20 16 15 18 20 17 18 17 15 14 12 17 17 15 10 21 21 22
19 18 18 12 17 23 15 17 17 14 18 17 16 17 14 18 18 19 17 20 16 20 18 16 16 18 14 14 19 18 24 18 20 14 19 16 16 13 15 20 19 16 15 20 20 21 22 18 19 17 19 12 20 18 20 16 12 21 17 19 15 18 25 17
21 16 18 16 16 14 10 17 16 13 14 16 13 13 13 13 16 17 17 16 12 19 16 15 15 18 13 17 18 15 20 15 15 11 15 16 17 14 12 16 19 15 15 17 17 16 18 18 17 12 16 16 13 15 15 12 13 18 19 16 13 14 21 14
18 11 12 11 16 16 11 14 13 16 14 14 10 10 15 17 9 16 17 14 14 19 14 17 13 12 12 16 15 16 18 18 15 11 17 12 15 12 14 14 17 19 15 12 18 14 16 15 21 15 18 15 19 17 13 15 13 15 10 17 17 18 18 13
23 20 21 17 18 13 15 21 19 16 18 19 15 14 18 14 21 22 18 19 19 18 19 20 24 20 19 18 21 21 24 22 21 17 17 12 21 16 18 24 23 29 18 18 22 19 22 20 19 21 18 17 21 16 18 14 16 19 22 21 20 22 20 20
21 15 16 14 19 17 11 17 18 16 21 21 13 16 16 19 11 20 22 21 18 21 20 19 17 18 14 18 17 18 22 22 22 10 18 16 17 12 17 20 21 21 19 21 18 17 18 17 22 15 21 14 20 17 17 13 15 22 15 19 15 22 23 20
19 17 21 13 17 14 10 16 19 16 21 19 14 14 17 14 18 21 17 16 18 17 21 21 17 17 11 17 19 18 20 22 19 12 19 17 18 16 18 19 20 20 17 19 20 14 16 15 20 15 19 15 21 19 14 12 14 21 20 15 16 20 23 19
26 20 27 19 20 22 15 20 23 22 27 22 19 17 18 17 21 20 24 23 22 28 26 20 22 19 17 23 23 22 28 29 23 16 23 19 20 19 19 24 24 29 20 22 24 23 27 21 27 20 20 20 21 23 17 17 18 29 22 25 19 26 26 23
24 21 19 15 21 19 11 20 18 17 23 24 18 17 18 15 20 22 19 21 21 23 21 21 21 23 16 18 23 23 29 23 19 18 20 19 22 18 16 18 24 23 17 21 23 21 23 17 23 15 21 18 25 21 19 14 15 22 21 19 19 22 27 18
19 16 16 11 17 19 10 14 13 14 20 18 12 14 13 12 13 19 18 16 12 19 15 17 16 14 9 14 15 17 20 15 14 9 17 16 14 14 12 14 21 16 16 15 20 14 14 16 16 15 13 9 14 14 13 12 14 14 15 17 13 14 19 15
22 10 22 17 17 17 14 17 19 15 21 23 15 15 14 18 19 20 21 19 19 21 19 17 18 20 14 20 23 23 21 22 19 12 20 18 20 16 12 16 22 17 17 22 25 22 22 22 19 14 19 18 22 19 18 11 12 19 13 15 16 21 28 18
18 20 18 16 15 17 13 18 17 14 16 17 13 14 13 14 18 19 18 22 11 19 20 15 15 22 12 17 20 18 20 16 16 13 17 15 16 14 11 18 22 19 12 20 22 17 19 19 17 17 17 16 20 18 14 12 14 18 18 19 13 17 22 21
16 10 14 13 14 11 11 12 12 13 15 14 11 11 11 11 10 14 13 11 13 14 10 13 18 16 9 11 12 13 16 14 14 7 11 13 10 9 10 13 15 13 13 12 14 13 17 11 14 12 10 12 12 12 13 6 11 15 14 13 10 11 15 12
14 14 16 13 13 16 9 16 14 12 15 14 13 12 11 12 13 12 15 17 17 21 17 15 14 12 12 16 12 16 21 19 13 12 18 14 13 11 12 16 17 16 16 15 12 16 17 13 14 14 14 11 14 11 10 8 11 15 14 13 11 17 18 16
21 18 21 16 15 20 15 15 18 18 20 21 14 18 17 18 19 19 17 19 19 25 19 18 18 18 15 20 16 20 23 23 16 16 21 16 19 16 17 18 19 23 16 19 22 17 23 18 21 17 21 15 18 19 16 13 16 19 21 22 14 21 22 19
22 14 20 15 17 19 11 15 17 16 21 19 17 16 17 14 16 16 20 17 16 20 20 16 19 17 15 20 20 17 21 22 17 14 21 17 19 13 16 20 18 23 15 17 21 17 18 18 19 15 18 17 17 16 18 14 13 25 19 20 17 20 20 15
16 17 20 15 16 12 13 14 17 13 15 16 7 11 12 15 18 22 16 18 16 19 16 14 15 17 15 17 18 17 21 18 16 12 15 13 18 15 11 17 20 21 13 15 22 13 18 15 17 15 13 14 18 18 12 10 14 15 15 16 17 17 18 19
19 14 18 10 14 13 11 8 16 11 15 17 14 17 11 14 14 16 14 13 13 15 17 15 15 15 13 14 15 18 17 16 14 13 16 11 15 12 13 17 14 21 11 17 17 17 17 15 17 11 16 11 15 14 16 13 16 17 17 16 11 15 18 16
15 15 19 11 20 15 13 16 13 15 18 18 13 10 11 12 15 16 17 15 17 21 21 17 15 16 15 17 19 16 22 22 17 11 17 15 20 15 12 16 23 21 14 16 18 16 22 17 21 13 13 16 19 14 13 10 15 20 18 17 17 16 17 18
21 16 23 16 13 16 13 15 16 15 19 20 11 14 15 15 17 19 15 16 14 20 18 15 18 13 14 16 18 21 19 18 16 16 18 15 15 13 12 17 14 21 14 17 20 16 20 16 14 15 13 12 19 18 15 10 16 17 18 15 18 18 20 14
20 12 20 14 16 13 14 13 16 13 20 15 15 14 15 14 18 20 15 19 15 21 11 15 18 17 12 16 17 18 19 18 18 11 17 12 15 18 14 20 18 20 16 15 18 15 16 14 13 15 17 11 12 13 12 15 13 16 15 17 11 17 19 16
20 16 20 16 13 17 14 17 17 13 16 19 12 17 16 17 15 17 16 18 14 20 19 19 17 19 17 14 16 19 21 14 15 18 18 15 14 10 14 19 15 21 14 18 20 20 22 18 18 15 15 15 16 19 18 15 15 17 19 15 13 18 23 16
16 12 16 11 18 13 10 15 19 15 17 16 13 11 14 16 14 18 18 18 13 18 20 17 17 15 13 12 16 16 18 17 17 13 16 13 14 12 15 22 18 18 16 15 15 15 17 14 18 16 18 18 15 15 13 15 11 16 11 17 11 18 19 16
21 14 20 14 21 19 11 19 19 13 20 18 19 16 17 15 15 15 22 17 19 19 21 19 21 20 15 20 19 19 19 20 19 15 20 19 19 17 16 19 21 21 16 18 20 20 20 18 19 13 20 16 17 17 17 14 13 24 18 16 15 21 21 18
26 16 24 18 18 22 16 20 18 21 22 20 15 17 16 19 17 25 22 22 21 25 25 23 19 18 14 19 22 23 23 23 23 19 21 17 19 16 19 21 23 25 21 23 21 22 24 21 27 18 19 18 22 18 19 18 18 26 23 20 16 23 24 19
21 15 18 13 20 17 11 19 16 13 19 14 17 15 15 19 18 19 16 19 16 21 18 17 19 17 14 14 18 20 20 16 19 15 16 15 17 13 13 17 20 15 17 21 20 17 17 16 16 14 19 15 18 14 19 17 15 18 16 15 15 18 20 16
17 14 16 14 12 17 13 13 18 17 13 16 10 14 14 16 15 18 14 19 10 18 15 14 12 18 13 15 19 14 16 13 14 13 14 10 16 10 9 18 15 16 12 15 19 14 16 19 16 16 16 14 16 19 14 14 12 16 16 21 12 14 18 15
19 10 16 11 13 17 7 12 15 13 15 18 13 12 14 16 11 10 13 15 15 18 17 13 14 16 11 15 14 16 18 15 14 8 17 17 11 9 13 13 15 15 11 15 17 15 13 16 17 12 15 10 19 18 12 9 13 17 14 15 12 16 18 15
18 12 16 9 17 17 12 15 14 14 17 13 16 14 17 12 10 14 13 19 16 17 16 19 18 19 14 15 17 16 17 20 19 10 13 11 16 10 12 13 18 18 13 15 16 17 19 18 18 11 17 16 17 14 17 13 12 18 13 17 18 18 17 16
16 16 17 16 13 14 10 14 19 12 16 13 14 12 11 11 16 15 16 16 10 18 19 12 15 16 11 17 16 14 18 17 16 10 19 13 19 12 13 17 17 19 15 14 18 13 15 15 18 15 15 13 16 15 16 11 12 17 17 16 16 16 19 17
16 16 14 13 16 13 12 15 14 16 16 15 11 13 14 16 12 17 17 15 15 20 15 16 14 16 10 15 16 12 19 18 14 12 17 13 16 14 13 16 18 16 12 15 15 11 18 11 18 14 18 14 18 15 10 12 12 18 17 16 14 14 18 19
22 17 23 17 24 16 16 22 25 17 21 22 16 12 19 21 19 24 22 22 22 25 19 20 18 20 14 18 26 21 27 24 25 14 18 17 21 18 17 21 24 23 21 21 23 23 22 21 21 17 22 15 22 17 17 16 15 21 17 18 18 24 26 21
22 15 19 14 14 16 13 18 16 15 14 17 15 15 12 14 15 16 18 16 13 16 20 21 18 18 11 14 17 18 16 14 19 10 18 14 15 11 16 16 20 20 14 16 21 20 15 18 18 15 15 12 17 15 16 14 15 18 17 16 12 15 18 13
25 23 21 20 24 20 15 26 22 20 17 23 16 22 20 24 17 23 25 22 20 25 22 25 21 23 17 20 23 20 29 23 20 18 21 20 21 15 16 23 26 24 21 25 26 21 22 21 25 18 24 20 21 18 19 17 17 21 19 23 21 22 29 21
20 11 17 13 14 13 13 16 15 14 17 14 9 14 14 13 11 16 17 16 14 22 15 17 15 12 12 17 16 19 22 17 17 15 11 12 16 14 14 15 19 21 16 19 14 16 19 17 17 14 17 14 14 15 12 11 14 19 15 13 11 18 20 13
11 12 14 9 14 9 8 12 13 12 15 11 11 8 13 12 12 15 13 13 16 14 16 15 12 13 12 10 19 13 16 17 16 8 13 10 11 10 10 14 16 16 13 14 15 16 15 11 14 8 12 13 16 11 12 10 10 17 14 10 12 11 17 16
15 11 13 10 14 12 6 11 12 9 13 13 5 7 12 15 10 14 14 14 10 15 10 10 12 13 8 15 14 12 15 16 16 7 12 10 12 9 12 12 15 12 12 10 18 12 11 15 15 11 17 9 15 15 11 9 9 11 9 11 15 15 14 9
21 14 16 15 14 14 13 14 14 8 16 16 12 14 14 14 16 16 18 14 13 15 16 13 15 14 11 15 18 19 17 17 16 14 14 17 16 14 14 16 16 18 13 19 18 16 17 16 19 10 15 10 12 17 17 11 13 17 17 15 11 17 19 14
