0 8 0 72 8 0 0 0 24 0 0 0 0 8 1 0 0 0 0 16 0 2 6 64 1 0 0 0 0 2 0 0 4 0 0 0 0 24 40 5 2 7 0 19 0 0 4 0 12 0 0 4 56 0 0 0 0 0 8 0 0 0 0 0
21 0 24 0 0 42 0 15 48 15 5 0 20 0 24 45 0 0 0 15 56 0 48 0 0 14 24 0 27 0 0 6 0 0 0 0 0 0 0 63 0 0 0 0 61 0 0 0 0 0 56 0 0 0 24 0 0 30 0 0 4 12 0 0
0 32 0 0 21 6 0 0 0 8 8 0 5 0 1 0 0 0 0 0 0 0 9 0 0 7 0 0 0 0 0 8 0 0 0 7 0 1 3 24 0 6 0 0 0 0 0 7 0 4 8 12 9 0 0 0 0 7 0 0 4 0 0 1
61 16 44 45 0 4 9 181 163 5 0 63 108 0 0 20 0 35 45 10 23 45 28 36 54 63 5 81 9 0 5 0 81 0 0 72 72 0 36 0 16 4 3 0 52 64 0 0 176 17 15 81 4 20 90 16 2 18 95 0 34 0 0 0
0 72 0 0 7 0 6 0 0 8 0 72 0 3 13 0 8 0 0 0 0 32 21 42 7 0 0 0 0 14 0 0 28 20 21 0 24 0 77 0 14 35 0 21 0 0 21 0 3 0 3 0 0 0 0 0 0 0 56 3 40 0 32 31
0 27 8 0 1 64 1 18 16 0 0 27 0 0 73 0 0 0 0 0 0 0 0 10 6 8 2 0 64 0 2 0 6 0 0 0 0 25 65 0 0 0 36 0 0 4 0 48 0 0 0 0 7 0 9 0 0 0 4 0 29 0 0 0
0 0 0 18 64 16 0 0 18 0 0 22 0 0 0 0 0 0 2 48 0 0 0 36 0 0 120 0 0 0 20 16 6 0 0 36 0 8 0 4 32 0 0 0 72 0 0 0 0 72 0 0 68 0 0 64 0 0 36 0 0 24 40 0
0 81 36 0 6 27 0 76 16 12 32 24 12 16 16 27 0 69 27 11 47 27 54 0 0 0 67 0 80 0 24 18 0 0 0 0 0 18 14 56 0 0 16 0 8 0 0 0 48 64 9 0 60 0 0 0 24 59 0 72 15 0 15 0
36 27 0 0 0 0 9 0 30 0 0 36 42 0 9 0 0 18 0 23 0 0 0 63 36 0 0 0 0 0 0 0 0 0 0 48 0 30 0 0 0 0 0 20 32 0 5 0 48 6 0 0 0 0 6 0 0 0 0 0 15 0 0 0
55 30 100 20 0 16 25 4 6 35 0 0 7 14 18 0 0 0 0 35 77 0 7 0 11 0 28 10 63 0 5 0 0 0 14 0 0 0 0 0 6 4 3 0 49 10 0 14 13 9 0 0 10 35 1 0 23 28 10 63 0 0 0 25
63 102 78 0 82 0 0 0 0 51 0 5 0 0 0 0 6 0 0 45 63 0 63 0 0 0 72 0 81 0 0 0 0 15 0 63 0 9 27 30 20 12 0 0 93 0 0 0 0 0 0 24 0 0 0 35 0 18 0 0 36 0 49 3
15 0 0 0 0 40 51 78 48 14 0 71 0 0 0 0 14 0 5 62 18 72 0 0 0 0 0 0 0 0 0 0 15 35 0 0 9 83 55 10 0 0 27 32 0 0 8 0 0 0 0 0 0 0 0 0 0 5 21 24 0 54 81 7
0 3 0 0 0 0 0 24 48 0 8 0 32 12 24 72 0 0 0 0 80 27 72 0 9 0 24 0 0 0 0 0 0 0 0 0 0 0 0 0 0 0 0 0 64 0 0 0 27 0 0 0 0 0 0 0 18 72 0 60 0 0 0 0
45 0 0 0 0 0 63 45 0 0 0 27 0 0 0 32 0 56 72 8 54 88 0 0 0 0 8 0 0 0 0 0 0 0 0 0 27 45 0 0 0 0 0 0 0 0 0 0 0 0 64 0 0 0 0 0 0 8 63 72 40 16 0 0
59 0 40 0 0 0 0 0 0 25 0 0 28 0 0 0 0 0 0 25 35 0 5 0 24 0 0 0 45 0 0 0 0 0 0 0 0 0 0 0 0 0 0 0 35 0 0 0 32 4 0 0 0 0 4 0 0 0 0 0 0 0 0 0
33 75 80 101 0 56 26 0 4 0 0 70 54 9 1 5 0 47 12 49 72 21 35 7 19 0 0 0 0 0 0 6 21 35 27 0 0 28 43 35 0 5 0 0 0 91 0 14 0 70 0 14 93 39 0 0 35 0 0 49 28 0 14 25
49 5 56 45 2 28 0 36 42 35 0 28 12 63 40 27 0 9 45 89 49 52 44 6 37 28 0 42 63 0 0 0 0 25 21 88 0 10 4 0 0 0 0 0 49 71 0 73 73 40 0 46 44 0 18 0 0 4 7 10 20 63 5 0
0 0 0 0 0 48 0 0 0 0 0 54 36 0 12 69 0 9 45 54 0 0 0 0 0 0 0 54 0 0 0 0 0 0 0 0 0 0 0 0 0 0 0 42 0 0 48 63 0 0 0 0 0 0 0 0 42 0 0 0 0 63 0 0
0 72 0 15 68 0 3 39 21 0 12 0 0 8 5 0 0 0 0 0 0 58 42 0 10 0 25 0 21 10 45 0 20 0 56 0 64 0 108 66 10 79 27 15 0 5 56 15 89 0 8 36 36 0 27 0 18 0 40 8 3 0 0 72
63 8 0 0 9 0 63 0 0 8 8 0 5 0 1 21 28 0 0 54 0 28 0 67 54 23 92 0 54 25 30 32 0 5 45 15 18 45 46 0 0 0 0 10 0 64 0 22 89 4 0 0 72 0 81 39 0 7 54 0 0 45 0 1
0 76 28 35 35 0 31 28 97 16 0 0 0 0 42 0 16 0 0 54 0 0 39 30 0 14 92 0 0 0 36 24 18 40 0 0 0 36 36 25 0 10 0 0 0 0 0 0 42 0 0 20 0 0 63 12 0 16 66 0 56 36 84 8
0 3 12 54 0 12 0 0 24 0 0 0 0 0 24 0 0 0 0 0 0 27 0 48 9 0 3 0 0 0 3 0 9 0 0 0 0 18 0 18 0 0 0 0 0 0 0 0 27 0 16 0 42 0 0 0 0 0 6 6 21 0 0 0
1 0 54 38 22 119 0 0 18 24 0 0 34 24 0 30 0 0 0 0 43 48 20 0 8 13 64 0 112 0 48 78 0 20 59 0 64 49 120 0 0 0 32 0 38 9 56 50 32 6 8 8 33 0 24 7 0 0 0 8 16 12 63 72
36 33 83 0 54 6 0 26 182 0 6 0 66 0 0 54 24 0 0 0 44 0 60 0 36 0 9 0 0 0 7 0 30 12 0 0 9 42 0 0 24 0 0 0 48 8 0 0 48 61 0 0 0 30 6 2 0 39 18 0 49 0 18 0
0 54 0 0 8 0 0 0 0 0 0 54 0 0 0 9 0 3 15 18 0 0 0 0 0 0 8 0 0 0 0 0 0 0 0 6 0 0 0 0 0 0 0 0 10 0 0 21 0 0 0 0 0 0 0 7 0 0 0 0 30 21 5 0
0 18 0 0 0 0 0 63 56 16 16 49 31 0 18 0 0 0 0 0 0 18 21 0 6 63 0 0 0 0 0 16 0 0 0 56 0 0 0 0 0 0 0 0 0 0 0 14 18 8 0 63 18 0 0 0 0 21 0 4 0 0 0 2
21 54 96 36 0 0 45 0 0 15 0 27 0 8 0 0 0 54 0 24 37 0 3 16 9 0 51 0 27 40 0 45 0 8 72 24 0 0 0 0 0 0 20 16 41 18 0 24 56 0 0 0 0 63 0 0 12 16 0 36 0 0 30 45
24 0 0 0 0 24 0 18 16 0 0 35 6 9 0 3 0 0 3 18 0 33 6 0 0 14 0 0 0 0 0 6 9 0 0 16 0 12 0 27 0 0 0 0 0 0 0 0 0 0 30 18 0 0 0 0 0 8 0 0 0 12 0 0
8 0 9 26 45 0 2 72 84 4 5 21 68 8 0 50 20 0 0 0 99 56 45 0 0 0 0 0 0 0 8 0 0 10 24 0 0 0 75 0 0 0 21 0 40 72 0 0 24 93 0 0 76 0 18 0 0 30 0 0 2 42 16 0
0 6 0 0 18 0 0 52 0 0 0 0 0 0 48 0 0 0 0 0 12 68 0 0 18 0 0 0 0 6 0 12 54 0 0 0 54 0 0 0 0 0 0 0 0 48 0 0 54 6 0 0 0 0 0 12 0 0 24 12 12 0 0 0
63 78 0 20 81 101 67 88 84 0 0 76 36 45 48 21 56 0 0 0 63 87 0 6 18 7 72 30 72 15 0 0 81 17 42 63 81 56 50 0 16 0 0 6 0 145 0 9 119 72 0 0 0 0 36 18 0 0 41 12 52 0 21 0
0 89 9 0 0 0 0 0 0 0 0 0 14 0 118 0 0 0 0 0 0 72 54 38 24 19 72 63 6 25 0 0 7 5 45 15 2 0 0 0 0 0 0 10 35 0 0 15 148 0 0 0 0 0 0 3 0 34 49 16 9 1 0 0
28 0 10 2 0 40 27 10 14 0 0 0 6 0 45 9 12 0 0 0 8 12 0 0 0 3 24 25 0 0 0 0 0 0 38 0 0 0 12 0 15 0 0 0 0 21 0 35 0 22 0 0 21 0 0 0 0 0 25 0 0 0 0 0
0 0 0 0 4 72 0 18 36 0 6 0 24 0 0 54 63 0 0 0 42 4 54 12 24 9 0 0 135 0 0 35 0 0 0 0 0 29 8 0 0 0 0 0 48 16 0 54 0 0 10 0 73 0 36 0 0 38 0 0 0 4 0 0
0 30 40 20 2 0 67 0 0 0 0 6 0 10 0 18 0 0 45 0 4 0 0 6 17 0 28 0 0 0 0 0 0 0 0 0 0 10 122 0 24 45 0 0 0 18 0 0 12 0 0 0 14 71 18 0 3 11 0 45 0 0 98 25
0 0 0 0 5 0 0 63 0 0 0 39 0 0 1 0 0 24 0 4 0 74 3 12 25 0 0 0 0 2 0 0 4 0 0 0 0 20 61 0 2 5 27 3 0 16 0 0 0 0 0 0 28 0 36 0 0 0 8 0 0 54 0 0
45 12 33 0 0 39 63 75 81 0 8 27 32 27 27 72 0 0 0 4 110 3 72 0 0 0 0 33 0 0 0 0 0 0 30 36 27 51 0 0 21 0 0 4 72 27 1 21 12 0 0 0 0 15 0 0 0 48 81 72 0 0 0 0
81 0 0 0 0 0 35 89 0 0 0 15 0 21 0 31 0 8 40 48 46 49 0 0 0 0 0 0 0 0 0 35 72 0 0 18 87 25 0 49 0 0 0 0 12 64 0 56 0 8 0 0 27 0 0 16 0 0 67 40 0 56 0 0
0 16 16 0 0 152 1 16 16 16 16 56 10 0 75 4 0 0 18 48 0 0 0 7 0 17 0 40 24 0 0 16 24 0 56 0 0 35 16 16 24 10 0 0 0 0 0 88 0 8 0 0 18 8 0 0 0 14 40 8 0 0 14 2
48 0 0 63 0 0 42 27 12 0 12 0 56 0 0 0 0 0 0 8 0 8 0 56 50 0 24 0 21 0 0 18 0 0 0 0 0 12 14 21 0 0 8 8 8 2 2 6 82 8 20 0 49 0 8 0 0 11 0 0 0 8 47 0
10 40 0 9 0 108 14 10 0 32 32 69 20 81 110 0 0 0 9 54 12 81 5 0 26 42 42 54 0 0 0 32 27 5 27 72 6 46 0 18 0 0 0 0 0 81 0 30 108 16 0 2 36 0 0 0 0 28 23 32 11 0 1 4
0 20 24 12 0 56 15 0 0 0 0 63 42 0 30 49 0 0 0 0 0 18 0 0 10 0 5 63 0 0 0 0 0 0 0 0 0 0 0 0 0 0 0 49 0 7 56 3 18 0 0 0 0 21 0 0 49 0 0 4 0 0 0 15
18 0 6 0 0 96 60 6 6 0 0 0 0 0 27 6 8 0 0 0 0 8 0 0 5 11 41 15 72 0 0 0 0 0 21 18 0 9 22 0 9 0 0 0 12 13 0 90 0 0 0 0 0 0 0 0 0 7 15 0 0 0 35 0
8 36 32 0 8 36 0 63 40 0 0 35 31 11 72 9 0 18 18 2 36 25 15 0 0 35 18 0 32 0 0 2 0 0 0 82 0 24 91 7 0 0 36 0 28 0 0 0 0 0 6 45 0 0 0 0 40 21 0 72 10 0 0 0
3 48 64 38 0 0 40 0 0 0 0 0 18 8 0 0 0 0 0 0 24 48 0 0 16 0 40 0 0 0 0 0 0 0 65 0 64 0 56 0 0 0 0 0 0 51 56 24 8 18 8 0 27 56 0 0 0 0 0 8 0 0 0 112
0 18 16 0 58 0 0 81 30 0 29 0 20 0 0 45 0 2 0 0 35 42 45 12 24 0 0 0 42 18 25 36 0 0 0 0 0 20 22 42 0 20 15 0 40 16 0 0 61 0 0 0 48 0 36 0 24 30 0 18 36 0 0 0
17 0 4 2 0 74 0 85 124 0 0 63 41 6 18 2 0 0 0 32 8 14 27 16 0 68 0 46 40 0 10 46 4 0 17 72 0 53 0 41 6 8 6 32 20 9 8 44 30 6 24 81 71 0 0 0 4 13 38 0 0 0 0 0
32 127 11 0 56 16 0 4 4 0 0 0 0 12 18 8 0 7 9 1 0 37 66 0 0 0 15 10 0 0 45 8 0 0 14 0 0 0 0 68 6 52 27 0 0 0 0 14 45 0 3 32 36 0 0 0 18 21 10 0 5 0 0 0
2 20 45 4 18 102 6 16 35 0 0 24 60 0 74 14 0 12 0 2 61 0 0 42 0 1 0 18 78 0 0 63 0 0 6 0 2 54 56 0 20 0 32 14 0 18 16 0 6 12 0 0 99 25 0 3 14 0 0 0 0 1 0 0
0 54 48 18 14 87 0 0 12 0 0 0 28 0 0 10 18 6 25 0 35 0 10 0 4 3 0 0 98 0 0 0 0 10 0 21 0 48 91 0 0 25 0 0 0 0 0 22 0 48 0 4 36 20 0 0 42 0 0 74 20 0 37 0
0 0 0 9 0 16 0 96 28 0 2 14 14 36 0 18 18 0 0 0 32 4 29 0 7 14 25 24 18 0 0 0 81 5 12 48 81 0 0 0 0 0 0 0 16 113 0 17 16 9 0 20 0 0 0 18 0 14 40 0 4 0 1 0
0 0 0 0 1 64 24 54 48 0 0 49 18 18 1 18 0 0 46 6 0 6 21 0 1 48 0 12 48 2 0 0 7 0 6 64 0 10 88 2 2 50 0 3 0 18 0 36 8 0 5 54 0 36 0 0 0 11 10 36 0 2 83 0
7 12 16 22 0 48 10 0 48 0 0 42 42 0 0 0 0 0 6 68 56 0 0 0 2 0 0 0 0 0 0 0 18 0 21 36 0 72 0 12 0 0 0 32 24 67 8 0 0 42 0 0 63 14 0 0 0 0 0 0 0 0 0 10
0 0 12 0 0 48 0 93 84 0 0 63 27 0 54 0 0 0 0 0 0 0 27 0 0 63 0 30 0 0 0 0 0 0 42 72 0 0 0 0 18 0 0 0 0 0 0 42 0 0 0 81 0 0 0 0 0 9 30 0 0 0 0 0
48 8 0 0 0 16 12 0 0 8 8 0 61 36 1 0 0 0 0 0 0 4 0 10 48 7 0 24 0 25 0 8 0 5 57 101 0 0 4 0 0 0 0 10 36 36 0 22 115 12 0 0 9 0 8 0 0 9 4 0 0 0 10 1
0 0 0 0 0 0 0 0 0 0 0 0 0 0 0 0 0 0 0 0 0 0 0 0 0 0 0 0 0 0 0 21 0 0 0 0 0 0 0 0 0 0 0 0 0 0 0 0 0 0 0 0 27 0 0 0 0 0 0 0 0 0 0 0
0 0 0 0 8 0 0 0 0 0 0 0 0 0 0 0 0 0 0 0 0 0 0 24 48 0 0 0 0 0 0 0 0 0 0 0 0 40 16 0 0 0 0 0 0 32 0 0 0 0 0 0 56 0 72 0 0 0 0 0 0 0 0 0
0 0 0 72 72 0 0 0 64 0 0 6 0 9 0 10 32 12 25 2 0 54 0 64 0 0 0 0 0 0 5 0 0 16 63 0 72 0 103 0 0 29 3 0 0 0 63 0 14 72 9 0 60 20 0 0 2 0 0 29 0 0 59 81
64 6 8 31 0 48 47 0 0 0 0 0 0 24 0 28 0 35 45 5 0 101 15 0 7 0 5 0 0 0 0 16 0 15 0 0 0 0 14 128 0 0 0 0 0 2 0 6 0 0 79 6 0 7 0 0 0 7 0 0 37 0 38 5
0 72 0 0 6 75 0 43 6 72 73 0 61 0 9 41 0 56 72 62 32 72 9 30 0 63 107 0 24 0 30 177 45 0 0 0 45 18 0 72 0 0 36 0 44 40 0 63 0 41 88 0 81 0 0 22 0 69 74 0 40 36 54 9
130 0 56 18 0 12 90 8 0 35 0 0 0 0 41 45 36 7 44 36 49 45 7 79 0 9 108 0 63 0 0 45 0 0 0 0 0 0 120 18 0 35 36 0 69 36 0 0 0 0 19 0 14 28 0 0 0 0 0 28 5 0 79 0
54 75 66 41 0 48 41 36 0 0 16 0 63 0 73 27 0 9 45 54 0 81 12 33 96 6 39 0 76 45 25 0 0 9 81 82 0 7 3 28 0 20 15 18 32 23 0 147 265 9 0 0 27 56 9 0 10 6 0 18 4 63 0 40
0 0 18 0 0 72 0 54 50 18 0 28 12 4 81 0 18 0 0 54 0 0 12 30 4 28 56 45 0 0 30 24 0 45 63 32 0 0 16 0 27 0 0 0 0 4 0 75 6 0 0 36 0 0 0 12 0 4 99 0 0 36 72 9
18 143 72 54 49 0 18 45 0 0 20 0 0 8 48 26 8 44 45 5 0 107 21 48 18 2 21 0 35 0 0 0 0 0 0 0 0 0 103 70 0 14 0 0 0 8 0 0 96 0 15 28 42 0 0 0 63 0 0 93 25 0 0 0
