81 0 0 81 0 0 0 9 0 20 0 18 0 0 0 12 0 0 28 0 36 0 0 0 0 0 0 45 0 0 81 0 0 0 0 0 0 0 0 0 0 0 45 0 0 27 0 0 0 20 0 0 0 0 0 54 0 0 0 0 0 0 0 0
48 0 48 43 45 0 36 64 10 147 48 18 0 30 0 6 0 0 44 0 45 0 15 48 0 15 39 0 42 65 8 15 26 30 0 35 0 52 18 6 64 40 0 88 10 10 0 0 54 79 28 24 45 0 5 36 40 12 0 0 42 35 0 36
27 0 0 46 27 0 2 35 0 54 24 6 0 0 0 0 0 0 3 0 41 0 9 2 0 8 9 15 0 0 83 48 9 18 0 29 0 6 0 0 32 92 63 8 0 15 0 0 0 6 4 28 0 0 0 18 0 6 0 0 24 64 0 0
0 4 0 28 0 0 0 24 0 0 32 0 0 0 0 0 20 0 0 0 28 0 0 0 54 0 0 0 12 0 0 0 32 0 0 0 0 0 0 6 0 12 0 0 0 0 4 0 0 0 0 0 16 16 0 0 4 0 0 0 0 0 0 0
0 0 2 0 0 6 5 16 0 0 4 0 0 0 0 0 0 2 0 5 0 42 0 0 12 0 0 31 8 0 0 0 56 7 0 0 0 0 5 0 0 14 0 0 0 0 42 0 0 1 0 7 5 0 0 21 0 0 49 14 0 0 0 63
112 0 56 36 40 54 73 8 0 83 0 56 0 32 36 0 0 10 28 25 64 56 24 64 10 16 0 15 89 0 16 8 48 52 0 0 0 72 0 12 60 40 0 56 76 0 0 64 0 64 24 0 25 0 72 8 0 0 64 16 85 0 0 50
52 0 32 24 10 0 12 0 84 20 40 0 0 4 75 0 0 0 40 20 0 63 0 32 20 0 0 0 37 56 0 0 21 36 4 0 22 18 0 0 0 0 0 88 0 0 16 0 16 16 45 36 8 0 53 35 30 0 0 0 28 66 54 77
0 0 0 77 0 24 30 0 8 72 32 16 16 0 2 18 10 56 42 0 12 76 0 0 0 0 48 0 0 59 0 30 49 0 0 0 62 42 24 18 16 0 6 42 0 0 21 0 80 30 12 0 18 0 0 0 35 5 8 6 8 12 0 0
48 0 54 14 0 0 18 0 4 123 36 0 0 10 0 24 10 36 56 0 8 0 0 8 0 0 72 40 0 12 57 45 16 0 0 32 0 0 0 0 18 0 45 0 0 0 54 63 0 49 36 32 0 8 0 0 2 0 12 0 0 0 0 0
0 0 48 7 0 8 67 12 4 63 0 0 14 0 0 20 0 0 0 0 21 0 30 0 72 0 0 0 0 13 0 6 63 0 45 0 9 0 82 52 0 0 21 0 15 5 7 0 0 59 8 0 63 0 2 81 54 90 0 0 85 0 0 46
0 0 0 6 27 0 5 0 0 0 0 0 0 1 0 0 0 0 0 0 27 24 9 0 0 0 9 17 0 0 9 0 0 18 1 21 1 0 0 10 0 0 9 1 0 6 13 31 4 6 0 6 0 0 0 9 0 0 0 0 0 0 0 6
21 0 0 127 15 72 0 0 64 18 16 21 0 0 0 0 0 0 0 15 24 56 0 3 15 6 0 0 8 97 28 3 40 45 0 0 84 75 0 21 12 0 0 0 24 0 63 24 0 0 40 9 6 0 67 0 40 20 24 6 0 57 48 3
21 0 48 0 15 0 30 0 2 58 0 21 0 0 0 0 30 14 0 0 24 45 0 3 0 6 12 0 0 0 0 3 12 18 30 0 0 27 48 0 16 0 0 0 24 0 0 24 0 0 15 0 35 0 27 0 0 36 24 6 0 20 0 39
0 0 64 45 18 42 10 0 8 0 0 21 15 40 45 0 0 60 21 10 0 40 0 0 5 0 48 15 45 0 0 0 0 5 0 0 0 0 80 0 51 45 0 0 0 0 0 0 0 0 0 0 28 0 0 10 0 48 0 0 0 0 0 48
0 0 0 8 36 0 2 0 0 46 0 0 0 0 0 32 0 0 20 0 38 0 12 2 32 0 12 0 0 8 0 0 28 24 72 36 14 6 64 16 0 0 0 0 0 16 0 0 0 8 0 0 0 0 0 60 29 0 0 0 64 24 0 16
16 0 16 5 0 0 6 40 0 55 0 3 0 0 0 0 0 0 8 0 0 0 0 16 0 0 4 0 14 0 0 0 0 0 0 0 0 0 3 0 40 25 0 16 0 0 0 0 9 8 5 0 0 0 0 6 0 0 0 0 14 0 0 12
0 0 0 0 0 0 0 0 13 28 0 0 0 0 0 0 0 28 0 0 0 76 0 0 41 0 24 21 27 0 0 37 77 0 0 0 0 0 12 14 8 15 0 42 0 0 0 56 56 0 12 0 0 0 0 36 30 0 0 0 0 0 0 6
0 0 0 28 0 32 0 0 0 0 0 0 0 0 35 0 0 0 0 0 0 0 0 0 0 0 0 0 0 4 0 0 0 0 0 0 16 0 0 0 0 0 0 49 0 0 28 0 0 0 0 0 0 0 7 0 0 0 0 0 0 0 0 7
27 0 2 27 0 0 0 19 0 0 4 6 0 0 0 0 0 0 0 0 12 0 0 0 12 0 0 15 8 0 35 0 8 0 0 0 0 0 5 6 0 14 15 0 0 9 0 0 0 1 0 7 0 0 0 18 0 0 0 0 0 0 0 0
0 9 0 1 0 0 81 8 0 9 72 0 9 0 18 0 0 0 0 12 63 63 0 0 81 0 0 0 0 0 48 0 36 0 0 0 0 0 0 35 8 5 0 0 0 0 9 0 0 0 28 0 36 0 0 0 0 0 0 0 12 0 0 0
43 0 18 27 63 0 54 3 7 0 44 6 6 0 12 46 0 49 25 8 54 77 0 0 0 8 42 15 63 0 95 48 0 0 72 0 8 7 130 16 20 126 63 8 0 17 21 21 14 9 30 85 0 0 42 48 0 10 4 0 96 157 0 23
27 0 0 27 0 0 8 3 0 37 0 6 6 0 6 0 29 0 0 0 15 0 0 0 0 0 0 15 0 0 27 1 0 0 24 0 4 0 0 0 0 0 15 7 0 9 0 0 0 0 6 0 28 0 1 18 0 0 4 3 0 16 0 1
10 0 0 14 0 16 95 0 40 40 0 24 45 0 58 12 20 56 92 43 12 68 18 0 15 0 60 14 0 26 28 4 72 29 0 0 24 0 30 4 16 0 0 0 0 0 34 16 54 20 24 9 6 0 0 6 0 0 30 16 28 9 0 18
77 0 14 45 0 0 0 21 5 0 28 10 0 0 0 0 0 35 0 0 20 25 0 0 12 0 30 25 8 0 73 0 20 0 0 0 0 0 50 15 22 50 25 0 0 15 0 0 0 7 24 61 0 0 0 30 0 0 8 0 0 0 0 0
0 5 0 28 6 32 0 0 0 30 0 7 5 0 0 35 0 0 42 0 0 25 0 0 0 0 0 43 15 4 0 32 61 0 0 0 16 0 0 0 0 0 0 48 0 0 28 0 64 0 0 0 6 0 0 0 25 0 0 0 0 0 0 0
0 0 0 0 0 36 30 0 0 0 0 0 0 0 0 0 0 12 0 30 0 0 0 0 0 0 0 18 0 0 0 24 42 0 0 0 0 0 0 0 0 0 0 36 0 0 0 0 48 0 0 0 30 0 0 0 0 0 0 0 0 0 0 0
98 54 48 0 6 0 48 0 0 95 48 24 0 0 21 15 36 56 51 0 0 0 0 32 0 0 48 0 28 0 0 10 0 0 36 24 0 0 58 0 0 12 0 32 0 0 2 14 72 45 0 14 54 0 0 69 9 10 24 0 28 24 0 51
0 0 0 45 36 40 8 24 16 221 63 36 0 82 0 12 0 0 0 0 35 81 9 8 0 18 9 0 9 95 0 0 0 18 27 53 23 56 24 6 24 15 0 56 12 9 38 3 56 6 3 56 63 0 0 0 48 0 0 0 42 76 0 6
0 0 0 0 0 0 0 0 12 6 0 0 0 30 0 0 0 0 30 0 0 0 6 0 0 8 0 0 0 36 56 48 0 0 0 0 0 0 0 0 0 72 48 8 3 0 0 0 0 9 0 58 0 0 0 36 0 0 0 0 33 100 0 0
81 81 42 35 0 0 72 0 59 59 0 24 54 0 21 0 45 72 0 0 69 21 18 0 16 0 0 0 10 0 24 9 38 0 28 36 36 0 42 81 0 0 0 56 0 0 0 0 48 0 69 0 18 0 15 18 12 49 72 27 0 18 18 0
0 0 90 82 0 0 24 0 40 7 28 12 0 0 0 0 30 28 0 0 48 0 0 0 0 0 72 0 8 0 0 35 48 0 32 0 0 0 12 72 0 0 0 64 0 0 7 49 36 7 0 0 0 24 0 24 6 56 0 0 0 0 0 0
44 36 24 0 9 0 0 0 20 4 32 0 0 0 0 0 0 48 40 0 0 0 0 0 0 0 32 0 9 0 2 20 35 0 0 16 0 0 16 0 3 0 0 0 0 0 7 31 2 4 6 3 8 0 0 0 0 20 18 0 0 0 0 0
47 0 0 35 0 40 0 36 36 0 20 0 2 0 15 0 0 0 72 0 0 0 0 0 27 0 54 0 18 5 0 4 63 0 0 0 20 0 0 0 0 18 0 21 0 0 71 2 27 0 0 0 0 0 3 0 0 25 0 9 0 0 0 3
95 63 0 69 64 0 93 0 8 45 64 56 94 49 65 0 55 112 56 0 27 40 0 0 0 5 48 24 0 0 35 39 16 0 7 28 43 56 52 0 16 45 30 69 0 0 28 56 28 0 54 52 125 8 0 128 26 0 64 27 15 89 0 120
9 17 0 0 0 0 12 8 12 74 14 8 0 0 0 62 0 8 94 0 0 58 0 0 0 0 0 64 24 0 0 0 29 0 0 4 0 0 4 28 0 0 0 0 0 0 0 0 12 10 0 0 2 0 0 0 40 36 4 0 4 6 0 0
18 18 0 0 0 0 0 0 0 32 0 0 0 0 0 12 24 16 0 0 0 0 0 0 0 0 0 0 0 0 0 0 0 0 51 8 3 0 32 6 0 0 0 0 0 3 0 0 0 0 0 0 32 0 0 0 0 0 8 0 24 16 0 6
0 0 0 14 0 16 0 0 0 0 0 0 0 0 0 0 0 0 0 0 0 0 0 0 0 0 0 0 0 2 0 0 0 0 0 0 8 0 0 0 0 0 0 0 0 0 14 0 0 0 0 0 0 0 0 0 0 0 0 0 0 0 0 0
72 0 90 36 0 0 0 32 4 51 12 0 0 0 0 0 0 30 36 0 9 36 48 72 24 0 24 20 79 12 21 33 40 5 0 0 9 0 0 0 0 16 0 84 24 0 33 63 0 152 8 0 0 0 2 69 0 0 47 10 135 6 0 150
16 8 0 0 0 0 81 0 24 0 76 0 27 0 54 0 0 0 48 36 56 0 0 0 72 0 0 0 0 0 40 0 42 0 0 0 0 0 0 0 6 0 0 0 0 0 8 0 0 0 12 6 32 0 0 0 0 15 4 0 36 0 0 0
70 63 0 3 5 0 16 0 23 14 0 7 0 23 0 0 0 119 24 0 8 45 0 1 8 2 54 64 0 6 72 1 32 6 0 28 0 33 55 10 22 0 72 24 8 0 72 8 0 0 0 7 41 0 9 9 6 0 36 2 0 21 0 1
9 0 54 11 9 0 6 17 24 47 36 2 0 0 0 12 0 36 28 0 13 42 45 0 24 0 75 57 72 0 60 69 80 13 0 7 0 0 0 30 16 50 32 0 21 5 78 63 0 94 34 0 0 0 0 27 16 0 49 14 63 0 0 79
8 5 8 45 0 30 0 0 0 43 7 4 0 40 45 35 0 0 39 0 0 88 36 8 5 0 0 76 67 0 0 0 77 14 0 0 0 0 0 0 35 45 0 8 18 0 54 0 6 58 0 0 0 0 0 37 25 0 63 18 63 3 0 87
0 0 0 1 0 0 63 0 9 0 0 0 21 6 42 10 0 63 35 28 30 45 0 0 0 0 54 0 0 0 28 0 0 0 0 0 0 13 27 0 18 0 0 8 0 0 0 0 0 0 0 0 9 0 30 42 0 0 0 0 28 94 0 5
0 0 0 5 0 0 14 0 8 59 0 32 0 30 16 21 18 0 65 0 0 8 24 0 0 0 0 59 0 0 63 0 14 0 18 0 0 40 8 2 0 0 63 40 0 0 63 8 64 35 0 0 66 0 0 0 0 0 0 0 0 47 0 0
110 8 0 63 63 0 30 23 16 0 64 29 12 0 0 0 0 0 0 0 102 38 6 0 88 0 69 51 55 0 63 24 32 16 0 14 3 0 15 0 0 8 35 0 0 25 75 27 76 4 10 0 32 0 10 84 0 0 28 62 0 12 12 36
69 0 100 38 0 0 0 0 58 21 42 0 0 30 0 49 0 0 84 0 12 63 0 24 0 0 54 0 23 36 43 0 99 0 8 0 0 0 56 45 0 0 21 40 0 0 92 0 27 12 0 42 0 0 0 0 0 62 0 0 42 0 0 66
72 0 72 24 0 18 15 0 32 61 36 0 0 0 0 42 12 6 92 15 0 54 42 72 0 0 0 9 63 12 6 6 49 0 12 0 0 0 0 0 0 0 18 72 21 0 48 0 0 113 8 0 29 0 2 0 0 0 0 0 144 8 0 54
20 7 10 0 45 0 67 16 0 0 76 18 6 0 0 0 0 0 0 0 103 0 15 0 72 0 63 16 6 0 18 0 0 30 0 35 0 0 43 14 0 36 27 0 0 10 41 0 66 15 0 35 55 0 0 36 0 18 0 0 0 0 0 0
20 0 0 4 0 0 0 32 0 92 0 0 0 0 0 0 0 0 0 0 0 6 0 0 64 0 24 4 0 0 0 20 99 1 0 0 0 0 0 0 32 20 0 30 0 0 22 0 52 0 4 0 0 0 0 75 48 0 7 2 0 0 0 9
0 0 0 0 48 0 16 0 0 9 0 59 43 0 6 16 0 0 71 4 49 0 0 1 0 0 4 24 0 0 4 0 0 0 0 4 0 8 3 0 0 0 0 0 0 0 0 0 9 0 0 0 48 0 48 24 0 0 0 0 4 90 0 8
56 0 72 0 0 0 21 0 4 35 32 0 6 0 0 0 0 14 63 0 9 40 0 56 0 0 12 20 49 6 0 19 68 5 0 0 0 0 46 0 4 48 9 80 0 0 30 0 32 43 4 56 27 0 1 57 0 0 35 10 49 42 0 87
0 0 56 100 0 0 0 0 4 0 6 0 0 0 0 7 40 0 0 0 0 15 0 0 28 0 7 4 0 52 1 6 72 1 0 0 51 30 49 0 0 0 3 0 0 0 14 0 0 14 8 0 0 32 2 3 33 42 7 2 3 0 0 51
56 0 56 64 0 32 0 0 0 94 0 0 0 0 0 0 0 18 28 0 9 30 0 56 28 24 7 16 49 60 21 12 32 4 0 0 46 0 0 0 0 0 0 68 16 0 52 42 0 55 0 0 0 0 0 66 64 0 40 8 49 6 0 129
0 0 54 0 0 0 0 0 32 16 36 0 0 35 0 0 0 36 0 0 0 0 0 0 0 0 72 0 0 96 0 72 0 0 0 0 0 0 0 0 0 0 0 0 0 0 9 63 0 72 36 49 0 0 9 0 0 0 0 0 0 0 0 0
36 0 0 43 27 26 15 0 8 0 126 0 0 0 63 63 0 6 0 15 0 88 0 0 32 0 8 9 10 1 9 0 0 0 0 0 28 0 0 0 0 0 27 0 0 0 82 3 2 0 5 0 15 0 5 63 27 0 0 0 27 6 6 81
0 0 0 12 0 36 79 0 0 56 67 28 14 0 0 21 0 12 0 30 21 90 0 0 0 0 0 18 0 0 3 0 0 0 0 0 0 0 0 0 0 0 30 0 0 0 24 0 42 0 0 0 93 0 0 0 0 0 0 0 23 21 0 0
0 0 8 0 9 0 0 0 0 31 37 12 0 0 10 0 0 42 0 0 21 71 0 0 0 0 0 20 9 0 49 28 40 5 0 0 21 0 20 0 0 24 0 28 0 0 33 3 20 67 0 28 0 0 2 15 0 0 63 10 6 23 0 82
0 0 36 30 0 0 24 0 45 0 0 24 0 0 6 0 0 0 0 20 36 0 9 0 35 9 16 0 51 32 63 69 0 36 24 0 0 0 15 54 0 106 54 57 0 0 0 0 60 0 20 30 8 0 0 24 10 42 0 0 27 84 0 10
0 0 0 42 0 0 0 0 0 5 0 16 0 0 8 0 30 30 0 0 15 10 12 0 36 0 9 0 0 0 35 20 48 0 0 0 42 0 4 0 0 0 0 10 0 0 0 0 32 45 0 0 0 24 0 0 6 0 20 0 0 10 0 25
0 0 0 36 0 24 0 0 6 0 0 0 0 32 36 0 0 42 10 0 0 30 54 0 4 0 36 0 36 0 0 0 0 4 0 0 0 0 18 0 40 36 0 0 27 0 0 0 0 81 0 0 0 0 0 20 0 0 0 0 81 12 0 0
72 0 34 97 0 0 0 8 25 87 57 44 0 0 0 0 18 0 0 0 62 63 0 0 8 0 0 40 5 0 72 0 7 0 38 0 0 0 10 45 0 12 40 40 0 24 0 0 42 2 0 14 21 0 0 57 6 35 0 0 14 33 0 0
0 0 0 0 0 0 60 0 10 15 0 18 18 0 28 0 15 0 0 0 9 0 0 0 0 0 24 0 0 30 0 18 0 0 0 0 12 0 18 0 0 0 0 35 0 0 0 0 54 35 38 0 0 0 10 36 0 0 12 9 0 0 0 5
0 0 0 56 0 0 0 0 0 0 0 0 0 0 0 0 0 0 0 15 0 0 0 0 15 0 0 0 0 80 0 24 42 27 0 0 42 42 0 0 0 0 0 36 0 0 0 0 48 0 0 9 6 0 0 0 35 0 0 0 0 9 0 0
0 0 0 25 0 0 0 0 2 49 82 60 0 5 18 0 0 0 5 30 0 54 33 0 30 0 0 0 0 54 0 0 15 54 0 0 0 10 9 0 0 0 0 0 3 0 0 0 108 9 0 45 12 0 0 0 0 10 0 0 21 36 0 0
