16 19 15 16 19 22 14 16 27 19 21 14 17 19 20 20 19 18 15 19 19 16 21 11 20 22 19 18 20 13 17 20 18 22 19 15 18 14 19 18 19 14 15 20 18 20 16 22 19 16 19 23 21 14 17 18 19 16 13 18 19 14 20 19
10 12 13 14 13 15 8 13 19 13 13 11 11 16 18 13 15 17 12 15 14 12 11 10 13 12 12 13 11 10 13 17 15 19 13 13 14 10 14 15 13 12 10 11 13 17 12 17 13 13 11 17 11 11 15 14 18 12 12 15 11 12 9 13
14 11 14 11 16 14 9 11 23 14 15 11 14 15 17 13 18 12 11 14 13 15 13 11 13 13 14 15 14 10 16 16 14 15 14 13 14 8 14 12 15 11 14 9 13 13 12 15 15 11 9 17 18 13 19 15 17 17 15 14 14 13 15 13
21 17 16 16 22 23 19 12 30 20 26 19 19 22 24 16 21 17 18 21 20 13 18 11 19 23 21 20 19 19 16 20 20 21 19 16 20 14 20 17 17 18 18 19 23 20 20 18 20 21 17 24 22 16 25 23 20 25 15 20 18 16 20 17
14 13 13 13 11 18 10 9 20 16 14 12 12 15 11 13 9 12 10 15 16 7 14 11 15 17 10 18 10 11 15 20 16 15 17 14 16 12 16 12 15 14 12 13 16 15 9 14 16 8 17 16 15 13 14 15 18 13 10 15 16 11 13 12
11 11 13 10 14 11 7 8 18 16 10 13 10 11 16 11 14 11 10 10 13 11 13 8 12 15 12 13 12 8 9 9 10 14 12 9 11 11 12 16 11 9 10 12 13 13 10 13 17 10 8 11 14 8 13 15 13 13 11 10 15 13 12 13
16 15 10 13 14 18 10 13 19 13 16 11 14 15 14 14 14 13 11 18 14 11 11 11 14 12 11 16 10 11 14 21 14 15 14 14 11 9 15 9 9 11 12 12 13 13 13 15 12 11 12 19 12 14 13 15 13 14 11 18 11 11 10 13
13 14 17 14 15 20 9 12 24 16 18 14 14 15 16 12 13 13 17 18 16 13 16 13 19 13 14 19 18 12 16 12 15 17 17 17 14 13 17 15 17 16 12 13 19 15 13 17 19 14 14 18 19 12 18 20 17 15 13 17 17 14 15 13
19 20 18 18 17 20 14 16 26 23 17 19 16 22 20 18 15 17 20 21 22 12 18 16 23 23 13 22 21 17 20 22 18 23 23 18 18 15 22 20 16 18 15 17 22 18 19 21 15 15 15 23 22 19 23 22 21 21 18 19 19 14 16 18
16 19 16 13 19 17 12 12 24 18 18 15 16 19 16 13 18 17 15 18 16 13 14 13 18 11 13 22 13 15 15 17 16 18 19 15 17 12 18 16 14 13 16 11 17 19 21 20 16 15 9 21 18 16 20 19 17 20 16 19 16 14 13 11
21 16 20 12 18 17 13 11 25 21 14 17 16 19 19 17 17 17 20 18 19 15 19 14 13 18 17 21 20 15 18 20 17 22 22 17 20 14 22 19 19 14 15 14 23 19 15 21 20 12 17 19 19 16 25 17 20 19 16 20 19 15 13 17
14 15 14 14 11 16 13 10 20 20 17 16 10 20 15 15 14 11 14 15 15 7 13 10 11 20 15 15 12 13 14 19 15 17 15 13 12 12 16 11 15 14 14 16 14 17 9 12 15 11 15 15 15 16 20 17 14 15 11 11 16 11 13 15
18 19 17 16 17 16 12 17 23 18 21 16 16 19 21 17 18 13 16 20 19 13 14 12 15 19 19 17 20 15 17 16 15 20 17 13 14 11 16 18 16 16 15 19 16 17 17 17 20 16 10 21 18 15 23 16 17 19 17 14 16 16 15 15
14 14 16 15 17 19 10 11 21 17 15 14 13 16 16 15 13 9 13 16 14 15 15 11 20 18 14 15 14 10 11 16 12 15 19 11 16 14 18 13 13 14 9 13 11 12 11 16 14 12 11 15 17 12 15 17 17 14 17 14 17 15 16 17
17 14 14 12 16 16 12 11 19 21 17 14 11 20 18 16 15 11 12 15 19 13 18 14 15 17 17 20 13 13 14 19 20 22 17 12 14 14 18 15 16 13 13 13 20 19 13 17 19 11 17 13 19 14 19 19 22 18 16 16 19 18 16 14
13 15 13 15 12 17 13 13 22 17 15 15 13 16 18 19 17 17 11 17 13 12 15 13 16 16 15 17 16 15 18 18 17 20 17 17 19 15 16 16 16 15 15 14 22 19 13 19 14 12 18 16 18 13 19 18 20 16 12 17 19 15 12 16
12 17 14 13 11 17 8 12 21 14 16 15 12 16 15 11 10 12 15 13 17 8 12 12 14 12 10 15 12 12 11 16 11 16 14 11 13 9 16 11 10 12 12 13 13 16 13 16 13 9 10 16 15 15 15 16 13 12 13 17 15 8 10 8
13 15 13 12 14 17 13 14 21 14 14 11 14 18 14 16 14 11 12 15 13 16 16 13 17 17 15 22 17 12 14 17 15 17 19 16 12 8 16 14 17 14 13 14 14 17 14 19 15 15 12 18 17 15 17 18 15 15 17 16 14 11 18 16
14 13 15 17 16 18 11 14 23 21 17 14 15 17 19 16 17 14 14 20 16 12 15 15 19 17 12 19 17 13 17 21 16 19 20 15 12 12 19 16 14 13 12 14 16 18 15 15 14 12 13 16 21 17 18 17 18 15 13 17 15 15 15 16
16 11 13 13 18 16 13 11 23 19 16 17 18 16 15 15 20 16 17 22 17 15 18 14 17 20 14 20 18 14 16 20 18 22 20 16 17 10 14 19 16 14 13 16 17 19 15 19 17 16 16 16 14 16 19 20 19 17 12 18 13 15 16 18
20 16 16 12 17 18 16 11 26 21 19 17 14 19 18 14 17 16 17 16 18 13 19 12 14 19 16 17 16 17 17 19 19 20 21 16 20 12 18 16 19 17 19 14 18 18 19 17 16 10 20 20 19 14 23 18 18 20 13 19 21 13 18 18
17 17 14 16 18 16 12 9 24 17 15 14 14 15 12 17 17 15 17 17 13 12 17 13 17 16 16 21 12 12 15 17 18 14 19 15 15 15 19 16 17 16 13 17 16 13 15 18 22 15 12 18 21 9 20 19 16 19 14 18 20 17 14 18
17 18 13 16 15 16 12 14 21 18 17 13 14 20 13 19 18 11 17 18 14 14 15 13 15 16 17 19 18 11 18 20 15 18 19 14 14 16 18 14 15 14 17 16 17 18 15 15 15 14 17 16 17 20 20 18 16 21 16 14 13 15 12 17
16 15 17 10 14 18 9 12 22 18 14 15 13 13 17 13 18 14 14 16 14 14 17 11 17 16 13 16 17 12 13 16 13 17 19 13 18 14 16 16 13 12 13 16 16 17 11 17 14 9 14 19 15 14 21 19 17 18 14 18 16 15 16 14
17 19 17 14 18 18 15 14 22 19 16 11 18 21 15 19 17 17 16 23 17 14 20 13 12 17 18 18 20 17 19 21 16 22 19 17 17 13 19 15 17 14 14 16 21 19 13 21 18 15 17 20 19 18 20 17 21 20 15 18 16 10 17 17
16 19 15 14 15 21 13 11 25 18 18 16 15 20 17 13 12 15 16 18 19 9 17 12 18 18 16 16 14 15 15 16 12 18 17 12 15 13 20 16 18 19 14 13 15 15 16 16 19 13 12 19 16 13 17 20 16 17 15 17 14 11 14 15
19 21 17 17 19 21 16 15 26 19 21 18 16 16 15 16 21 16 14 18 16 12 16 13 15 24 19 18 18 18 15 16 19 22 18 14 19 15 18 16 18 16 13 19 20 18 16 18 22 16 16 22 16 16 27 23 18 19 18 16 21 13 16 20
16 18 17 14 12 18 17 13 23 20 13 14 14 20 17 15 17 16 16 14 17 11 13 12 17 17 13 22 17 18 14 18 15 20 18 18 14 13 21 17 17 15 13 18 15 21 17 20 20 15 14 21 18 18 24 20 21 18 14 16 15 16 17 17
11 15 12 14 14 15 13 15 21 22 16 16 15 21 17 14 15 15 15 17 16 12 19 13 16 19 18 19 14 16 16 19 18 24 15 12 12 10 16 14 18 15 15 15 18 23 15 18 17 15 14 18 16 15 20 18 19 13 13 20 10 10 16 16
17 15 12 17 20 14 12 12 17 18 14 14 16 20 14 16 19 11 16 19 17 17 16 14 14 17 19 18 16 14 14 17 19 19 19 14 13 14 19 13 16 13 14 14 19 16 14 19 16 14 15 14 15 12 18 16 20 20 13 16 13 16 15 18
13 17 17 18 16 21 13 11 21 17 17 18 15 21 16 12 21 17 11 18 17 12 16 12 15 15 15 14 15 15 16 15 16 16 18 17 14 12 16 12 16 13 19 15 18 17 11 21 19 15 17 17 16 18 19 19 18 17 12 17 14 12 15 16
20 19 16 18 13 20 15 16 24 18 16 15 15 17 16 17 19 16 16 19 15 10 18 11 17 20 13 19 14 16 19 21 19 20 19 20 15 14 18 18 21 18 15 15 18 17 14 19 19 15 17 20 20 15 22 22 18 19 14 20 16 13 15 19
15 18 16 16 19 19 15 7 23 19 17 14 16 18 11 17 18 16 17 17 16 14 21 11 18 14 15 16 15 14 13 16 17 18 18 11 19 15 21 11 17 11 15 13 15 14 13 18 19 16 15 17 19 17 20 17 16 18 14 15 16 12 15 14
18 18 13 17 18 18 11 10 19 17 16 16 15 17 15 15 16 14 14 19 17 14 15 14 15 18 14 19 14 14 15 17 19 18 21 14 14 12 17 14 14 13 12 13 19 14 12 14 16 12 13 17 14 13 20 19 17 20 16 16 16 16 14 14
21 21 22 20 20 21 12 14 29 24 19 24 19 22 22 21 21 21 19 23 20 14 18 15 19 24 16 22 18 17 21 24 17 19 26 21 21 20 23 22 21 21 18 21 20 20 15 25 20 15 17 22 23 20 24 22 23 23 16 20 23 19 14 18
16 13 12 12 13 14 15 11 21 15 16 12 12 17 18 11 15 12 13 17 14 10 13 8 12 16 15 17 14 11 17 18 15 13 20 14 15 14 16 14 18 12 16 15 14 16 11 14 13 11 14 14 16 14 19 15 13 15 12 15 11 13 12 15
17 15 13 14 15 17 14 11 23 18 12 14 15 19 17 19 16 14 12 18 11 13 15 12 13 18 16 21 16 11 15 21 17 19 19 18 15 11 19 19 15 13 13 15 18 20 10 17 16 15 14 16 14 19 19 18 19 17 13 15 15 15 14 15
22 23 19 18 22 26 18 16 34 21 20 18 21 21 18 17 24 17 17 26 19 16 24 16 21 26 20 22 20 17 20 23 22 24 24 20 20 17 23 18 20 20 18 21 22 22 17 23 25 19 20 26 22 19 26 25 22 23 19 24 20 13 21 24
18 18 13 15 19 17 15 13 25 19 19 17 16 20 20 18 21 17 19 19 18 17 19 16 20 22 21 22 17 16 19 20 20 19 21 17 19 19 20 17 20 18 15 19 19 19 15 21 17 15 18 17 22 14 24 23 22 23 18 20 18 18 17 20
20 17 18 15 21 18 16 14 22 13 19 19 15 22 19 16 20 15 20 19 17 16 13 11 16 19 18 19 17 15 14 16 17 15 21 18 17 12 17 16 17 11 14 19 18 13 14 21 20 15 16 18 15 18 26 21 16 20 18 18 20 17 16 17
15 15 15 15 16 16 11 11 23 20 16 16 15 17 16 14 17 18 14 16 14 11 17 15 14 18 15 21 13 16 14 16 17 19 18 16 17 11 20 16 17 17 11 11 23 18 15 21 17 13 18 17 20 14 23 18 21 17 12 20 18 13 14 15
18 19 18 19 15 23 16 15 28 21 19 18 15 22 15 17 17 15 17 18 20 13 20 16 19 20 19 20 21 15 19 21 18 21 24 17 19 19 24 17 21 21 21 16 21 21 14 21 16 14 20 19 21 19 22 24 20 20 16 17 17 15 17 17
18 20 17 16 15 22 17 13 24 18 19 13 13 19 19 16 17 16 18 15 21 12 17 14 23 16 16 22 17 14 19 19 20 21 18 17 14 17 19 15 16 15 12 19 17 15 15 21 22 12 16 22 22 16 23 24 23 19 16 19 21 21 18 16
15 15 15 15 16 13 10 10 19 14 12 13 16 15 14 14 16 16 15 17 11 11 14 9 13 14 14 17 16 14 17 18 13 15 18 16 12 10 14 15 14 15 12 13 16 10 11 16 15 12 7 18 16 12 18 14 14 15 14 13 13 13 11 13
17 16 12 14 17 19 16 16 24 19 21 14 20 18 16 17 17 16 15 18 21 16 21 15 18 16 18 20 15 17 16 20 20 23 17 14 18 14 18 16 17 16 16 18 18 20 20 21 19 18 17 18 20 17 19 20 23 18 18 19 18 16 18 14
17 13 16 10 15 18 17 13 25 18 16 16 14 19 18 17 17 15 17 17 13 13 17 12 17 17 16 22 17 15 13 19 17 18 18 16 14 14 18 17 17 17 16 17 16 18 16 18 16 14 16 20 18 16 18 23 17 21 16 18 15 15 16 16
15 18 12 14 14 20 16 15 20 20 19 17 16 17 16 15 14 14 10 17 19 15 18 13 16 19 20 20 17 16 17 18 16 21 18 14 15 10 15 16 18 13 16 14 18 15 16 19 19 15 16 20 18 15 18 23 16 15 14 13 17 14 16 17
14 17 18 13 13 17 14 15 24 20 13 15 14 17 18 12 16 16 15 18 14 14 13 12 18 20 14 19 18 12 16 19 16 22 21 15 16 11 14 21 19 15 14 18 15 18 15 19 13 15 12 19 17 16 24 20 20 16 17 14 16 13 15 17
16 15 17 12 16 15 12 14 24 20 16 14 13 17 16 17 17 15 13 17 16 16 21 9 13 18 18 17 14 9 16 17 19 21 18 15 15 13 19 15 19 13 17 14 17 18 12 15 18 13 17 17 14 14 18 14 16 14 13 16 15 12 17 17
15 18 15 16 11 19 13 9 20 22 17 16 12 17 15 11 13 16 11 15 17 9 17 12 16 17 14 19 12 12 14 20 20 19 19 12 16 14 17 14 19 16 14 14 17 16 12 18 18 13 20 16 21 13 17 18 18 14 12 15 16 14 10 14
20 17 19 16 19 21 18 16 26 18 16 16 15 21 21 19 19 17 17 18 20 14 18 12 20 20 17 19 21 20 14 19 15 19 19 17 19 17 21 19 19 15 19 18 19 16 16 19 19 14 16 22 20 18 23 20 25 18 17 16 17 19 21 21
16 19 17 15 17 21 14 10 26 17 17 16 16 17 15 15 18 13 16 19 17 13 17 14 22 16 11 19 15 14 12 15 15 18 20 13 20 13 23 13 18 15 14 11 16 14 16 17 19 14 12 18 21 15 19 19 17 22 17 20 18 13 17 15
19 16 18 17 19 20 12 15 27 17 17 16 18 19 18 17 18 15 15 19 13 15 16 12 18 17 15 21 17 15 14 19 18 19 21 18 18 13 20 16 18 17 16 17 18 16 13 19 18 14 14 18 19 17 20 17 21 19 17 21 18 14 17 13
20 22 19 19 18 25 17 18 26 23 20 17 17 22 20 22 18 16 17 20 19 16 22 14 20 24 22 23 16 15 19 26 24 25 21 17 17 17 22 19 20 21 17 21 22 22 18 20 20 15 17 26 19 17 23 25 22 22 18 22 22 17 19 21
17 17 13 15 11 15 13 12 23 17 16 15 12 10 16 13 20 14 12 16 15 13 16 10 16 18 12 16 15 14 16 17 15 18 19 14 14 13 17 15 18 13 16 14 14 16 15 15 15 14 15 15 19 14 19 17 14 18 12 18 12 12 10 17
22 22 20 20 21 23 14 16 30 20 20 20 17 22 17 23 22 15 19 20 18 16 21 17 19 18 19 19 21 16 18 22 19 19 24 16 22 20 24 17 20 18 21 21 19 18 14 23 20 13 18 19 23 20 26 23 20 23 19 20 25 19 18 17
12 18 14 14 15 20 9 11 24 16 19 16 11 18 13 16 15 13 16 13 17 14 16 15 18 15 14 18 14 14 14 17 12 19 18 12 16 14 17 13 17 16 15 11 15 17 14 17 15 11 15 14 20 17 18 20 20 19 12 17 17 9 15 10
19 20 15 16 17 19 17 13 27 19 18 15 15 17 16 20 19 15 15 14 14 15 20 12 17 20 18 22 18 14 16 19 20 22 18 16 16 13 20 14 17 13 16 17 20 20 14 19 18 18 17 22 18 18 24 20 19 17 16 19 19 13 18 19
20 17 18 18 20 19 12 13 23 20 18 16 16 23 22 14 17 14 17 21 20 14 14 12 19 21 17 21 14 10 20 21 18 19 24 18 18 16 21 17 20 17 12 17 19 15 12 20 23 12 16 16 20 16 23 16 22 19 15 20 19 20 15 17
17 16 15 12 16 18 11 9 23 18 20 15 15 16 18 13 13 12 16 18 17 8 13 11 15 20 14 15 16 12 17 16 13 15 16 13 18 11 13 16 17 16 12 14 16 12 15 16 15 10 13 17 20 11 20 18 13 18 14 14 20 12 13 15
19 22 20 21 17 25 16 14 30 23 23 20 15 19 20 22 22 18 16 20 18 16 22 14 23 23 19 20 21 13 16 18 20 20 22 16 20 19 23 21 21 18 19 19 21 21 16 23 20 20 20 22 24 20 25 24 18 22 17 16 21 19 18 20
17 18 18 16 22 20 11 13 24 18 17 17 17 24 16 13 18 16 18 18 21 14 14 16 17 17 14 21 16 15 13 19 16 21 19 16 19 11 19 15 15 13 13 15 19 19 15 25 18 13 17 17 16 20 23 20 23 18 16 21 16 13 16 13
16 19 10 14 15 14 9 13 20 15 12 14 12 18 16 15 13 16 15 16 16 15 15 14 16 17 14 22 17 13 13 16 15 19 20 13 14 15 17 17 14 13 9 15 17 16 13 22 16 16 14 16 15 15 17 18 21 15 14 16 13 15 10 15
16 19 20 18 20 19 12 15 27 21 15 18 16 19 21 18 18 18 17 23 15 16 16 15 18 21 18 21 18 12 17 19 15 24 23 17 19 13 21 24 20 16 15 19 20 20 12 22 22 17 12 16 16 18 25 22 20 18 17 19 21 15 15 19
