7 1 4 3 8 4 6 6 5 1 0 1 4 8 4 7
9 7 1 8 6 3 8 9 9 2 7 7 6 3 1 6
3 5 6 9 2 7 9 9 1 6 5 0 9 1 6 4
6 9 4 8 1 6 9 6 6 8 8 2 0 4 7 9
2 7 4 0 9 4 7 6 4 1 8 6 2 8 4 2
5 7 5 4 9 7 0 9 5 9 5 7 8 8 3 3
3 2 2 6 6 7 3 0 2 1 5 6 8 8 6 3
9 4 9 6 7 8 2 3 1 8 7 2 6 0 5 7
4 5 2 6 8 1 9 3 6 7 7 2 7 6 6 5
5 4 0 5 8 8 7 8 2 1 0 1 4 4 5 2
6 6 9 1 0 1 0 6 4 7 2 5 8 2 6 0
9 8 7 1 8 1 0 0 0 0 5 3 3 0 3 8
6 0 8 4 6 0 4 7 0 7 0 9 7 0 0 4
7 7 7 2 1 9 1 4 1 8 0 2 6 5 8 9
6 1 5 4 2 6 5 9 2 9 4 1 1 8 1 4
3 7 7 5 1 8 2 2 5 4 2 9 5 3 0 3
