7 7 3 0 5 9 9 5 4 5 2 2 4 8 6 2
8 5 5 7 4 9 6 1 9 2 6 2 9 8 9 9
9 7 7 2 8 8 1 0 2 6 9 3 0 9 2 9
6 6 8 8 7 0 3 2 1 9 7 6 8 4 4 2
7 3 1 9 0 6 1 2 2 3 2 3 9 6 8 5
8 9 1 6 5 0 3 1 8 7 8 0 6 0 3 8
0 8 7 6 5 9 9 7 4 0 7 9 0 5 4 2
5 7 4 2 9 5 0 3 0 5 0 4 0 6 2 3
3 3 9 8 2 2 8 3 9 8 8 3 6 6 8 1
6 4 4 0 8 5 7 8 5 7 6 3 9 5 4 5
5 4 6 5 0 4 4 6 4 6 2 5 0 3 6 1
5 6 5 1 6 5 9 8 8 4 8 8 8 9 9 5
8 7 8 8 9 0 6 5 4 5 2 2 1 8 2 4
3 0 9 2 9 0 7 3 0 3 7 3 2 5 9 2
9 5 7 4 7 1 7 9 5 1 8 5 5 7 7 0
5 9 6 9 9 6 2 1 5 7 8 7 1 0 3 9
