9 2 4 9 5 8 2 8 4 5 9 9 4 2 7 0
2 4 5 0 8 8 0 9 0 7 5 6 1 6 3 0
7 4 1 2 4 8 9 8 4 8 8 0 7 8 1 3
1 6 1 9 9 7 0 9 2 9 1 1 6 0 8 2
8 7 8 5 9 2 7 4 4 6 8 1 2 7 4 6
2 8 2 5 2 0 6 7 6 9 3 2 4 4 7 7
0 1 4 3 4 1 4 0 3 5 0 1 0 9 6 3
9 3 1 4 9 2 7 1 0 4 7 8 3 5 7 0
4 3 9 5 6 7 3 5 6 9 2 7 0 5 1 2
6 0 3 4 5 7 1 0 1 0 2 3 5 1 2 6
4 0 9 0 8 3 4 4 3 7 5 2 2 9 7 3
3 5 5 8 9 5 9 9 8 0 0 2 4 6 8 1
4 4 1 5 8 9 1 6 9 2 2 4 9 0 3 2
7 6 5 1 8 5 6 1 4 3 3 6 5 8 6 3
8 6 3 5 1 5 2 0 1 0 9 5 3 2 4 7
4 5 3 6 5 3 4 2 4 2 1 4 6 6 2 1
